943 2667
429 310
311 668
540 265
812 915
744 148
634 607
178 883
924 35
306 329
199 534
129 638
349 421
936 137
124 875
395 328
37 13
849 149
831 886
170 622
270 535
491 621
811 650
522 132
765 394
289 740
363 579
456 777
523 761
624 203
590 382
688 4
714 700
568 898
275 202
403 257
823 214
120 596
300 245
727 702
803 864
36 271
590 167
763 611
687 61
46 789
399 47
257 916
301 419
196 240
488 448
494 328
933 188
100 245
136 902
103 104
362 34
111 862
419 57
665 356
652 460
135 376
835 267
411 326
909 902
15 841
658 829
825 878
570 612
627 621
849 589
499 513
835 408
375 371
927 38
712 280
29 769
418 553
492 608
932 773
885 424
98 842
821 11
87 684
184 810
169 940
30 777
409 75
67 611
251 120
490 325
129 783
629 806
524 400
212 645
17 196
596 152
63 19
428 71
781 623
200 499
331 238
151 859
874 489
88 628
235 508
889 551
450 579
414 144
87 794
328 849
868 224
717 774
45 492
504 776
417 574
806 737
606 706
554 403
455 615
59 909
904 190
372 681
763 11
433 762
802 408
70 753
255 65
91 195
475 253
38 403
304 785
758 258
376 894
728 337
893 596
655 885
108 518
553 919
237 166
7 139
674 388
730 89
677 638
342 596
917 309
111 482
385 890
316 119
29 299
912 278
511 697
294 460
791 6
242 478
649 569
706 113
673 821
605 296
164 50
898 309
756 734
825 738
730 268
362 247
473 392
471 685
627 170
262 483
196 933
547 554
219 102
681 55
516 589
185 365
157 164
460 200
895 202
95 616
11 60
200 483
321 561
324 109
145 184
92 660
128 325
709 259
514 275
493 483
76 26
793 856
684 396
334 376
744 447
689 863
856 760
356 378
213 778
367 177
461 150
800 346
368 930
97 42
742 439
801 864
181 88
457 589
417 11
742 6
857 569
215 130
275 729
612 534
318 836
579 186
273 851
218 699
937 801
322 464
150 337
638 156
188 36
607 643
281 151
906 255
854 852
302 401
367 363
938 300
169 60
265 529
625 155
570 819
864 151
366 342
114 471
314 629
104 780
671 132
549 658
909 836
214 793
19 152
511 27
77 476
387 403
500 594
837 482
195 571
677 936
786 780
385 524
78 435
889 440
201 523
477 718
424 486
854 657
491 301
443 444
737 48
664 657
916 863
313 339
262 478
156 239
312 744
325 736
141 926
572 921
804 110
157 136
248 136
272 413
37 344
807 793
738 55
810 600
497 312
789 31
919 242
622 311
436 383
897 63
199 564
643 815
320 729
339 209
545 514
913 738
895 244
69 521
718 591
241 121
408 865
669 634
586 197
642 924
149 534
333 570
14 672
293 412
756 688
594 203
873 534
23 146
472 81
606 404
182 58
811 598
11 771
802 312
590 541
607 103
774 676
577 35
887 223
752 23
456 154
352 848
233 725
62 243
246 380
546 901
584 591
683 329
568 830
792 540
100 68
212 894
836 155
363 321
18 467
634 809
330 343
629 401
756 527
704 72
540 486
482 49
34 681
682 688
520 53
214 265
571 137
333 481
580 796
528 810
430 51
751 746
402 231
849 821
672 9
731 244
284 199
195 337
305 334
414 909
475 58
366 394
404 337
356 164
391 792
69 51
513 210
752 182
662 72
907 454
470 866
864 825
774 545
37 388
778 121
870 190
65 842
726 521
214 690
273 269
776 484
833 130
837 336
430 375
201 438
71 402
61 471
652 538
654 3
514 116
602 813
128 514
219 54
414 635
684 527
424 88
317 497
245 854
605 917
911 74
571 720
382 412
368 352
900 217
460 797
173 468
377 201
623 461
937 641
8 62
807 136
575 302
193 228
528 380
585 893
270 303
915 182
186 461
42 838
597 83
905 858
620 750
864 653
646 341
633 679
762 584
656 564
72 721
161 864
576 588
735 383
489 67
462 840
921 832
727 859
102 913
927 543
54 739
829 456
882 786
888 883
505 794
643 841
755 118
132 629
425 344
105 173
216 371
180 812
417 121
54 781
24 133
887 893
602 427
8 836
8 46
46 796
532 212
328 618
665 557
194 930
857 579
381 176
751 817
312 425
761 356
778 138
798 642
287 442
40 552
792 471
647 939
836 862
784 305
694 921
185 127
827 186
174 678
672 721
583 627
152 804
163 104
411 890
514 811
547 260
132 176
81 21
262 409
158 734
144 376
443 865
691 720
268 76
677 786
640 658
774 834
392 657
231 392
733 433
308 695
699 635
709 706
138 76
910 347
846 61
866 645
337 465
62 902
525 278
931 524
716 608
898 757
633 359
411 452
268 574
305 268
128 328
113 782
126 185
351 284
355 857
742 935
619 587
731 601
498 390
870 728
83 758
779 117
60 225
838 207
417 609
533 78
737 56
96 469
282 727
579 682
636 156
141 204
252 232
197 878
926 861
574 403
934 830
874 585
270 817
74 811
1 601
183 881
647 344
249 378
927 760
703 650
650 258
172 373
286 800
233 527
161 378
501 43
844 678
876 934
792 889
830 92
578 493
232 252
784 825
605 122
382 792
272 775
898 711
422 836
576 187
497 275
83 934
445 19
854 177
31 901
783 255
473 359
509 54
478 69
361 231
894 475
844 83
729 621
752 923
15 669
736 287
214 631
885 685
384 130
40 472
184 187
646 543
446 138
503 833
398 866
644 463
772 107
631 467
835 385
814 656
413 734
680 31
682 815
298 731
179 299
674 412
200 313
384 533
828 382
868 840
61 222
483 97
752 438
551 837
678 343
24 844
441 930
558 777
815 816
543 737
447 220
855 51
770 700
346 602
831 623
761 108
916 182
424 399
633 42
634 152
119 574
545 118
141 473
680 149
403 133
707 179
237 850
843 269
538 635
941 526
871 379
871 774
492 434
273 440
256 167
901 416
80 633
687 814
283 611
485 483
194 681
332 410
914 436
230 419
50 496
893 44
752 704
199 785
627 64
540 289
295 168
206 136
867 718
709 708
250 283
54 305
446 254
111 192
520 298
70 448
758 179
161 608
290 667
676 678
22 547
702 210
264 802
742 637
494 847
175 936
211 394
589 300
251 825
760 727
702 174
724 415
654 326
752 475
325 271
255 760
56 418
478 807
734 366
99 109
296 853
691 578
425 631
687 828
820 339
508 736
286 895
500 276
150 766
883 532
21 472
370 138
891 718
213 822
332 665
77 454
305 816
38 73
846 720
120 785
246 492
564 927
772 54
648 124
254 105
12 597
36 134
755 464
712 220
485 212
674 886
474 554
661 177
635 608
732 624
808 128
898 331
521 471
719 540
889 91
11 501
178 895
163 292
147 712
294 809
188 849
546 895
397 48
468 869
118 92
413 549
32 887
839 739
787 82
110 687
645 16
889 499
818 580
649 638
278 127
443 355
85 846
326 779
827 786
773 781
463 422
749 820
450 610
417 253
425 365
448 564
750 231
733 544
158 286
546 101
901 175
825 413
749 85
821 888
917 495
576 250
631 490
372 258
412 919
736 37
921 290
500 750
432 838
282 745
689 290
102 180
212 39
766 415
307 269
419 154
319 366
830 6
502 514
397 377
458 684
259 360
578 86
65 9
488 475
143 849
493 86
224 768
763 754
893 106
676 720
53 649
850 274
500 612
436 780
220 62
469 793
577 432
595 593
709 856
612 587
369 496
6 389
335 81
897 43
840 557
453 230
899 468
93 197
81 341
727 704
836 427
819 214
160 361
845 267
520 217
249 191
362 524
147 344
296 435
666 139
498 124
925 939
843 331
914 941
699 65
40 13
169 212
499 688
351 691
742 97
814 882
377 281
692 363
378 767
568 494
396 575
275 771
536 588
424 593
106 350
513 54
288 858
716 539
201 239
257 141
369 542
313 720
8 511
443 871
635 208
629 41
418 888
733 516
458 259
801 576
596 749
245 623
504 295
344 422
94 701
332 242
564 389
515 101
718 209
614 840
886 237
117 155
728 251
211 529
323 756
642 96
808 307
111 40
923 585
820 528
358 627
87 714
239 866
115 688
95 51
352 243
408 133
154 937
342 256
181 400
200 508
141 722
4 1
316 742
213 346
712 407
787 423
351 891
390 706
300 401
412 32
605 516
141 895
352 762
790 35
150 322
544 890
357 774
717 618
711 774
406 573
372 197
407 795
92 671
19 348
44 66
595 167
321 900
37 64
542 454
583 750
216 424
39 154
718 409
810 467
800 912
86 776
341 112
713 63
896 457
828 728
786 544
692 21
433 189
549 652
218 412
881 244
202 911
646 692
352 459
299 494
66 856
160 872
933 611
788 301
917 724
646 839
6 605
77 721
209 509
669 660
854 495
747 232
916 73
331 824
689 369
636 600
286 699
127 71
539 57
744 351
246 398
625 197
752 890
788 325
886 259
103 47
215 715
370 730
388 602
317 653
853 555
858 839
930 462
154 417
390 326
415 816
529 107
712 213
513 591
237 870
897 357
115 652
460 400
3 844
294 490
931 696
127 390
30 434
362 296
596 52
524 825
157 800
451 543
86 562
162 3
680 7
19 480
97 395
708 143
176 171
487 143
489 911
914 271
630 943
518 320
797 151
874 539
283 907
802 66
38 912
592 334
708 741
729 792
625 927
586 73
125 603
736 438
310 314
296 162
614 870
794 727
227 330
706 830
599 776
267 438
607 151
258 226
833 704
482 772
468 794
628 482
277 98
278 80
445 907
886 699
928 427
734 185
476 620
148 241
760 574
906 805
319 328
699 307
21 478
918 580
439 229
314 315
834 690
11 930
770 832
844 593
908 246
571 404
555 574
189 74
46 539
610 655
935 683
849 174
409 637
416 431
169 765
844 709
539 109
278 804
248 803
100 780
546 588
384 828
276 695
830 527
763 53
768 210
932 251
579 382
637 932
462 358
782 439
235 781
175 293
627 284
510 928
792 327
32 541
597 55
248 37
67 555
363 538
20 755
849 621
133 194
880 646
403 708
747 814
61 614
298 104
25 688
543 7
316 455
940 928
38 158
5 806
131 658
892 851
118 518
837 60
123 585
215 39
550 462
705 151
279 619
107 672
544 871
774 877
78 404
27 201
814 855
70 771
191 671
502 723
228 706
345 148
73 63
701 677
425 807
724 333
444 434
579 706
680 811
614 201
96 103
115 773
46 341
139 21
272 498
699 61
812 321
244 470
520 670
266 583
447 339
790 146
277 325
425 594
329 830
502 810
375 88
893 549
360 815
876 437
683 69
777 629
760 795
10 902
301 80
162 758
219 446
554 50
577 446
226 324
449 693
782 799
346 55
413 140
557 48
888 708
123 203
219 233
242 901
275 94
671 201
128 530
435 654
740 57
206 768
480 203
690 424
35 923
16 652
330 709
791 560
813 611
705 378
905 213
764 278
512 108
549 750
507 807
603 756
690 65
79 519
712 355
694 194
642 658
494 658
99 254
400 782
238 663
139 740
11 299
349 250
15 158
491 9
721 276
154 491
728 12
859 92
721 889
561 690
907 706
106 678
857 102
58 687
288 295
516 460
422 461
44 880
558 372
523 889
47 15
782 413
909 811
731 304
867 819
819 454
100 305
600 484
505 608
460 771
444 709
302 42
806 939
510 791
668 629
146 534
229 885
857 750
306 360
515 657
242 192
563 880
268 172
694 688
383 172
796 781
925 356
326 68
772 489
477 40
598 933
927 620
715 225
442 775
631 632
124 735
144 74
915 550
109 803
220 253
629 898
45 571
119 596
157 716
690 518
512 298
918 268
886 135
313 855
157 637
657 519
172 560
755 197
647 453
11 597
85 454
303 174
471 242
44 96
815 660
545 827
782 455
312 472
549 360
668 506
580 193
801 514
802 368
87 510
892 156
883 16
739 212
887 706
803 755
859 510
92 736
326 635
702 687
223 127
138 747
876 672
554 620
223 305
429 804
868 503
361 863
820 773
430 660
129 255
19 904
663 638
869 133
407 894
418 215
899 329
744 305
651 626
214 640
898 147
645 555
757 310
562 942
217 187
275 621
168 166
739 26
8 250
300 488
429 630
928 502
268 692
768 826
119 482
186 572
816 449
355 402
393 811
472 406
937 505
385 415
116 58
113 813
619 421
52 415
142 33
684 786
495 166
60 20
886 488
157 505
468 900
513 820
825 353
583 820
368 619
257 387
59 795
688 835
690 14
233 599
660 263
582 312
762 396
798 838
416 64
937 482
166 28
872 372
308 150
537 419
224 445
424 346
45 705
943 856
375 319
438 487
894 564
58 572
222 406
81 184
873 420
798 830
675 784
394 416
69 92
549 322
274 343
884 300
197 157
74 559
143 587
365 220
679 517
206 142
188 941
852 207
447 672
515 364
700 395
573 115
114 888
504 751
374 654
71 618
861 345
718 547
505 286
920 331
497 123
867 68
812 758
175 355
101 739
85 793
657 691
196 713
693 21
917 828
187 328
921 697
707 786
339 780
146 459
516 222
923 571
428 123
213 97
658 891
659 123
352 368
459 564
775 362
564 463
16 455
532 602
203 665
648 247
37 418
815 245
892 520
72 633
439 114
772 643
77 190
914 504
813 447
293 305
632 751
862 744
302 908
237 766
642 216
642 517
40 37
758 628
231 1
512 57
287 846
471 191
561 556
584 667
641 606
287 735
678 709
130 221
520 56
702 207
826 405
750 678
552 446
534 679
593 364
600 117
276 349
604 831
454 775
725 605
601 333
125 66
53 523
311 571
882 725
25 695
907 561
566 859
533 28
257 763
370 186
353 773
103 209
343 678
153 939
935 499
801 699
387 179
759 730
78 846
486 261
72 900
553 219
52 723
557 78
399 841
682 37
108 4
551 560
627 800
520 635
633 675
5 546
135 759
651 102
676 425
252 811
18 687
362 746
616 137
432 943
823 443
261 291
82 547
214 236
113 258
721 248
354 483
687 265
51 248
855 877
782 567
490 700
287 714
422 615
611 918
164 296
708 529
286 872
125 737
827 11
22 765
42 666
904 134
631 742
687 645
27 178
232 36
450 231
38 934
577 302
614 160
246 462
710 727
625 941
276 910
117 339
37 7
820 195
913 106
458 396
296 713
634 651
794 32
177 525
513 480
767 853
422 667
311 292
866 496
702 122
315 923
634 762
102 577
841 361
678 574
679 677
834 197
925 79
782 93
586 63
70 228
642 659
596 770
44 12
302 653
748 709
650 718
53 656
662 414
899 144
170 3
837 31
824 914
162 265
750 254
54 332
168 53
518 853
374 776
161 10
146 789
398 130
936 911
169 218
425 429
833 99
764 555
376 860
575 96
730 285
269 890
56 143
859 131
129 146
93 705
619 191
600 374
165 556
473 42
554 261
205 24
922 730
906 560
7 806
818 356
704 893
328 545
353 683
155 483
672 380
54 600
718 755
522 12
322 932
46 44
263 606
163 496
791 807
298 63
486 733
323 77
98 461
505 616
490 854
685 477
315 942
306 730
121 747
755 364
629 784
789 549
292 262
719 771
561 628
801 520
436 168
350 850
575 415
43 774
30 79
142 435
663 497
791 2
320 843
726 573
323 336
434 853
883 702
923 315
205 199
450 117
161 561
475 432
410 269
247 909
844 673
943 482
459 645
226 136
890 428
395 32
866 479
20 232
367 787
78 270
818 87
29 294
570 759
514 267
384 755
48 20
370 283
868 622
832 71
522 626
687 331
654 79
303 499
641 42
54 1
829 924
92 202
264 920
86 662
133 606
648 435
922 235
731 643
843 272
845 141
78 798
121 902
529 596
342 494
625 21
348 769
889 598
856 287
520 464
697 166
579 757
123 657
497 878
276 558
9 941
262 521
13 909
10 379
160 446
146 308
511 801
756 122
114 525
264 332
89 505
472 495
124 371
669 900
711 855
734 577
788 428
864 469
516 550
208 222
613 844
503 675
905 795
531 492
589 136
717 926
295 939
793 72
500 347
870 110
527 173
642 306
627 331
482 621
714 384
522 360
797 839
189 586
355 387
325 649
306 398
841 598
753 225
807 900
575 440
104 561
806 519
160 93
566 926
290 295
809 800
900 137
22 248
615 275
742 92
671 517
263 536
671 431
416 369
141 689
454 499
937 908
792 641
429 843
485 94
124 754
148 565
496 451
886 623
171 323
588 874
205 32
226 890
431 18
142 36
274 625
353 40
217 150
275 63
409 159
714 434
516 396
386 780
204 523
826 304
714 703
641 184
92 548
239 823
775 712
777 936
889 486
194 673
708 240
48 929
786 550
440 609
356 463
483 344
936 565
663 546
278 430
5 686
62 465
134 834
372 626
360 753
114 163
930 805
560 80
850 162
749 282
197 749
385 257
332 703
204 196
80 655
518 104
574 21
579 106
942 466
232 821
547 648
768 870
125 908
914 70
353 606
541 485
102 302
158 620
360 760
315 272
87 895
866 747
636 111
657 566
676 419
414 222
183 749
403 789
499 415
778 702
546 915
85 533
648 702
844 435
133 564
474 814
480 933
872 530
584 315
675 49
362 892
330 904
261 400
189 83
101 518
544 78
321 272
412 201
363 192
164 311
38 344
574 805
137 856
64 797
232 175
177 79
860 894
819 482
697 148
915 845
627 522
253 30
881 352
628 641
831 443
629 767
156 714
515 155
612 103
189 274
530 302
472 677
90 796
271 316
683 257
939 366
411 578
891 604
13 96
588 79
934 39
772 390
330 792
885 118
568 106
290 869
456 231
421 449
405 818
695 734
657 211
51 124
397 88
485 245
779 432
183 760
347 675
848 810
39 884
44 239
266 817
784 318
636 122
804 356
237 730
916 384
224 171
138 503
664 429
747 441
326 883
365 791
693 67
270 635
733 919
863 856
266 939
501 903
299 883
626 757
21 193
204 896
267 632
512 560
824 439
318 191
331 236
206 445
535 18
725 436
598 599
394 810
604 906
625 523
597 367
379 511
565 611
610 272
7 801
76 318
345 187
222 709
614 251
506 601
86 286
882 204
84 269
240 569
307 921
916 261
555 352
504 83
16 612
312 443
827 185
175 518
425 778
622 419
52 559
550 943
2 881
42 383
189 167
869 74
228 70
331 97
716 806
606 29
646 697
117 645
798 209
13 842
158 440
290 720
24 640
129 598
21 437
943 43
544 782
562 741
691 516
126 572
457 868
830 89
762 44
211 904
380 17
735 324
4 559
440 723
633 364
136 52
602 395
211 299
400 505
843 943
184 288
261 606
688 848
646 148
842 591
366 890
500 723
689 797
522 464
16 312
892 302
511 732
790 57
97 803
867 259
685 888
281 594
156 55
225 135
912 701
554 701
569 876
344 836
37 175
279 685
618 700
693 723
694 889
733 359
702 468
606 325
679 29
718 628
827 258
652 533
191 765
491 95
941 850
66 140
780 523
801 650
694 412
414 722
200 858
2 412
665 765
337 329
264 247
897 47
454 259
2 128
55 910
353 755
20 38
741 187
409 757
571 517
444 686
292 201
847 409
81 522
814 487
317 223
318 215
913 56
434 678
112 596
821 82
150 671
264 111
173 749
211 927
439 349
922 354
636 705
924 433
238 72
623 639
421 409
404 455
79 8
727 652
247 923
913 494
363 563
470 501
911 691
570 943
540 590
878 138
746 339
217 679
859 16
898 355
776 847
278 92
173 266
359 660
470 633
659 297
290 211
19 816
336 808
478 631
939 899
697 722
394 21
211 873
675 252
434 666
277 141
740 672
506 353
345 37
553 520
238 792
45 114
432 121
509 87
107 697
867 888
919 446
265 451
637 148
830 446
766 87
146 858
695 564
551 275
737 904
455 143
425 626
379 566
403 477
166 779
704 238
616 469
637 512
430 443
743 357
683 242
226 164
57 865
839 641
41 438
614 638
332 285
84 508
750 579
346 397
823 632
718 552
97 639
334 892
915 545
910 217
167 609
860 182
787 910
203 800
793 768
80 928
461 658
540 174
745 543
102 721
52 462
698 56
701 520
774 292
395 194
154 893
375 765
179 440
111 807
593 762
447 252
749 503
218 20
492 96
19 839
677 251
550 123
92 506
57 328
560 524
411 379
552 416
845 613
499 546
303 243
162 347
849 784
128 412
294 265
277 122
230 372
125 346
201 554
890 55
459 896
384 112
738 332
131 774
479 729
903 107
444 455
726 800
178 641
660 300
930 697
771 653
596 863
483 62
33 901
837 628
30 186
680 807
149 402
466 352
525 791
108 352
294 660
182 556
457 99
169 252
553 930
814 858
247 480
671 386
485 886
417 733
399 79
939 74
902 850
779 94
428 128
929 429
240 918
846 527
226 684
298 225
340 81
68 830
531 574
566 414
470 291
809 857
428 89
857 231
160 113
235 727
642 163
164 22
238 117
115 576
64 386
671 60
528 198
840 248
357 47
417 583
844 430
432 577
797 828
689 147
269 100
182 240
40 575
331 439
919 46
633 334
389 501
119 410
229 315
618 800
602 429
361 115
125 506
469 557
308 251
454 878
93 145
77 375
404 153
423 545
52 279
68 731
532 202
308 796
593 631
812 791
504 906
714 773
680 194
865 407
676 513
296 659
778 729
301 529
305 760
271 841
92 77
832 869
41 665
243 318
888 20
411 602
47 813
205 315
705 626
853 656
214 902
604 908
254 749
806 474
459 778
430 377
808 428
822 37
386 300
351 921
378 793
643 248
589 684
662 663
94 352
169 756
261 721
705 368
598 48
239 132
794 812
246 533
358 274
418 95
862 244
716 535
61 123
607 543
442 388
793 298
7 751
433 317
879 639
24 878
802 417
193 42
102 44
622 294
286 167
783 239
805 355
787 671
627 434
607 829
575 178
905 93
480 857
747 99
360 255
786 903
642 822
57 193
347 324
701 731
371 383
487 309
97 784
350 418
724 97
501 904
64 652
527 477
378 811
241 816
594 683
940 341
301 375
28 926
910 517
808 512
310 48
402 756
918 819
688 277
338 435
143 15
221 81
223 646
784 680
782 935
267 486
767 843
53 431
272 773
511 679
610 105
722 791
337 350
123 778
739 602
884 164
850 609
582 487
495 763
891 389
518 713
743 606
474 435
710 209
913 681
152 435
479 125
338 899
462 656
11 901
602 480
783 85
624 450
606 694
681 74
458 312
744 348
411 575
85 7
599 406
89 567
272 454
331 734
81 466
62 265
407 916
90 936
372 494
193 351
637 422
305 645
345 542
415 658
236 411
678 198
934 737
171 502
224 674
10 56
547 787
487 234
770 888
665 137
207 219
504 733
47 215
677 332
171 248
425 496
244 265
806 748
68 386
413 772
710 538
306 852
238 363
572 607
48 552
68 273
915 98
20 732
347 612
888 470
584 388
587 807
544 88
698 859
420 892
901 838
424 342
739 330
604 385
627 407
822 201
49 403
446 885
56 187
39 385
279 46
196 920
259 874
743 304
90 358
660 814
292 832
168 121
31 188
60 191
597 341
409 932
135 321
449 13
233 232
489 118
316 895
107 790
76 658
593 662
871 829
233 121
838 5
434 298
416 801
919 273
461 484
675 789
469 863
113 620
57 239
664 257
833 414
671 828
252 145
253 797
111 94
886 901
25 903
375 384
303 231
409 235
686 703
174 37
123 344
217 728
937 567
847 454
778 336
816 756
909 799
700 703
847 119
703 722
867 621
923 88
533 779
765 672
180 107
721 556
21 331
828 845
904 827
709 712
356 800
342 409
553 84
497 224
854 883
11 55
4 45
303 93
840 221
694 861
892 321
125 635
764 17
909 792
106 266
184 5
535 759
901 46
714 33
209 470
321 188
714 701
434 587
398 925
256 220
645 41
760 882
105 662
513 305
414 893
720 731
459 923
524 538
936 778
817 558
585 391
185 452
595 657
10 595
503 942
115 449
315 515
561 292
392 548
427 400
139 138
762 38
287 18
400 702
196 648
498 701
522 146
8 425
782 213
68 320
933 418
153 56
455 546
280 915
445 914
448 729
35 705
91 339
861 128
163 693
224 880
540 507
839 585
867 785
372 61
228 658
694 467
452 407
254 543
58 305
938 474
224 41
756 818
759 109
802 309
49 772
