1000 9889
413 28
752 816
740 209
902 192
685 720
122 520
671 397
903 963
146 264
999 868
138 996
506 282
893 414
90 477
273 651
117 45
167 371
522 846
778 724
32 478
52 17
39 949
94 396
645 4
60 548
761 966
817 907
32 77
622 934
865 128
838 654
839 99
329 494
679 506
726 260
965 537
711 37
577 308
400 335
473 911
865 413
520 208
724 336
652 469
961 367
269 99
952 603
23 84
428 532
932 180
398 744
50 140
387 377
391 289
213 567
836 620
277 330
965 93
606 833
755 521
572 977
338 59
159 59
732 239
961 547
474 523
917 395
813 42
387 856
764 62
379 666
396 686
290 169
861 318
655 185
993 878
479 687
633 455
689 117
286 197
15 521
842 605
76 553
737 353
276 91
120 349
581 816
556 114
836 386
656 536
234 572
552 985
437 121
20 215
612 681
261 171
778 7
480 835
765 262
342 57
471 671
934 285
521 328
703 80
940 390
190 125
851 805
831 669
837 794
34 729
753 215
792 437
941 876
489 821
165 306
887 53
299 564
70 753
752 280
471 850
75 13
222 460
833 121
853 118
694 399
89 409
601 658
184 387
537 128
496 437
614 845
945 45
852 818
815 174
139 697
2 403
705 208
784 705
514 502
308 979
827 613
80 850
120 735
526 337
69 234
89 548
401 165
598 615
628 750
865 244
39 751
574 277
64 277
301 24
879 543
480 453
929 724
67 743
441 478
650 554
319 453
968 457
290 205
127 637
148 211
385 231
678 408
685 84
63 960
889 585
38 392
107 599
756 415
24 464
837 698
567 449
623 978
7 782
827 446
161 186
732 311
806 522
807 295
609 548
719 555
997 181
786 606
145 777
80 69
854 369
316 608
317 281
137 147
947 702
530 490
113 28
497 445
80 355
414 720
117 749
429 737
925 764
798 634
468 889
86 612
769 784
352 914
39 594
98 138
406 691
227 498
999 592
947 973
379 603
92 923
804 721
565 692
19 535
66 590
585 966
880 134
277 519
593 871
600 5
763 595
729 423
878 531
405 332
524 520
226 507
101 765
942 29
802 688
452 873
435 605
232 755
804 149
664 512
832 886
317 754
345 805
839 653
461 967
443 324
759 601
109 612
73 711
326 755
802 884
859 845
167 946
868 661
9 440
640 246
256 207
129 887
741 498
229 174
997 111
595 533
459 528
397 995
608 408
826 451
384 722
259 990
376 1
394 599
308 49
40 719
163 369
706 156
725 672
446 387
484 722
322 149
824 79
69 209
84 399
365 651
72 339
969 967
750 188
627 563
186 823
598 112
946 497
312 641
98 174
5 674
62 301
874 863
467 351
696 359
805 395
454 43
325 66
408 879
480 240
322 601
532 836
883 852
594 737
956 920
79 859
889 491
736 626
588 755
117 5
763 639
769 751
272 76
400 913
149 762
261 976
525 111
432 258
486 85
192 281
932 119
41 530
595 407
667 994
90 725
720 998
506 259
825 995
228 635
390 286
907 128
46 332
555 49
175 680
500 379
704 412
409 816
533 183
456 245
78 76
478 938
962 547
559 903
546 290
401 613
21 500
594 470
78 255
944 233
217 537
298 826
760 641
486 908
285 80
432 940
199 494
851 993
275 486
996 164
319 977
534 58
87 341
824 269
574 857
815 593
432 650
347 569
518 384
959 790
816 608
618 916
401 238
431 476
694 420
468 834
290 778
39 645
23 256
123 380
839 98
925 597
965 536
199 848
921 610
912 299
643 173
424 213
399 900
643 58
771 113
352 279
336 876
153 810
529 199
303 692
16 30
344 955
788 980
701 833
944 762
135 25
702 857
629 239
550 189
196 430
633 284
390 506
266 828
453 426
861 317
537 415
276 501
115 135
742 96
524 179
963 341
819 985
72 114
987 784
372 397
394 43
162 95
756 299
993 897
445 970
724 713
546 185
177 570
677 897
806 751
309 13
312 287
855 570
191 41
968 60
698 351
293 537
938 334
688 281
281 661
156 263
907 761
857 438
379 182
531 821
240 400
368 677
811 101
172 537
670 296
93 709
592 84
61 783
381 244
543 971
378 373
839 288
380 459
878 446
551 492
761 684
947 347
327 221
165 130
518 654
136 408
9 878
283 91
361 879
602 311
251 463
126 681
643 491
112 23
406 263
45 573
142 317
291 965
807 565
683 619
174 914
995 793
292 922
537 780
991 697
999 866
487 78
658 950
58 538
663 75
704 24
351 687
787 990
295 744
600 328
999 64
983 607
123 821
34 107
311 66
539 129
634 683
326 117
654 724
490 227
20 688
261 714
690 728
29 667
72 31
571 39
101 156
873 435
275 674
589 439
898 444
681 820
32 973
669 511
716 574
789 966
239 115
884 324
480 514
259 131
319 11
46 977
108 846
474 32
370 864
777 791
246 964
234 672
733 666
590 317
26 920
543 649
476 968
147 88
26 231
364 524
209 503
538 282
790 857
67 785
484 654
363 471
777 467
568 40
880 330
256 846
578 129
965 591
341 357
9 539
344 166
180 423
140 202
363 19
574 399
596 195
391 475
249 984
636 732
453 46
793 866
532 903
757 112
978 383
995 551
540 583
361 647
932 92
899 301
993 90
924 532
582 261
799 268
549 469
750 79
634 719
407 627
315 25
712 781
90 609
833 430
276 318
884 11
980 550
547 93
387 780
615 314
486 490
417 209
811 993
725 875
428 311
513 127
608 187
510 591
95 551
318 258
466 529
741 973
915 812
458 641
778 476
985 688
147 7
989 788
769 544
65 771
47 919
599 330
910 275
364 889
381 693
700 995
203 189
991 172
928 254
489 780
496 16
369 870
390 190
920 394
623 550
38 472
477 443
178 215
622 746
473 945
610 555
350 489
5 562
62 445
193 306
828 236
810 419
938 636
406 446
447 774
874 638
606 73
866 906
409 251
597 778
601 335
250 423
748 490
808 47
793 669
157 798
272 509
123 780
641 593
839 594
475 487
112 539
535 181
34 442
589 652
827 251
760 198
557 60
871 210
267 32
975 349
932 342
310 70
614 176
27 203
823 924
515 471
20 991
499 184
447 440
358 717
769 64
704 699
82 259
615 431
85 672
103 667
414 194
901 724
25 609
389 384
156 397
345 508
364 552
275 489
811 235
815 739
483 330
242 790
642 643
312 98
683 53
21 582
5 193
69 602
484 864
108 692
553 961
113 74
385 795
62 29
137 170
692 444
35 654
629 901
860 165
888 919
485 114
754 292
38 117
331 253
667 359
995 82
144 920
805 477
570 690
899 792
758 343
961 247
65 442
926 487
175 53
791 911
593 908
134 92
482 837
999 1000
601 393
965 680
662 392
35 559
445 287
255 72
738 114
994 232
865 381
867 475
904 687
379 961
766 687
783 761
615 424
643 74
944 763
780 81
908 30
714 477
733 47
20 558
918 195
13 22
785 989
282 353
102 166
766 393
344 730
992 70
284 675
63 601
411 815
270 861
143 951
491 746
917 506
439 842
693 611
604 66
769 51
54 39
521 690
668 807
580 235
638 929
676 710
935 379
665 371
962 226
388 526
704 647
618 309
287 564
660 178
792 106
538 530
694 913
199 461
368 599
935 89
45 736
707 6
125 813
665 574
759 298
914 498
216 474
363 605
74 536
311 981
367 585
838 39
83 810
289 387
74 619
570 628
331 8
599 483
910 122
522 578
407 196
965 618
855 714
624 804
970 304
946 845
991 410
95 209
706 278
448 10
675 989
877 287
400 173
113 434
701 17
10 932
31 526
291 853
643 136
222 895
300 541
616 678
525 212
684 955
41 847
93 10
11 675
908 179
434 806
607 505
941 181
745 588
980 301
452 902
953 671
970 839
789 257
827 178
443 205
33 585
513 455
253 238
491 569
81 965
663 781
284 894
395 447
857 463
988 22
590 838
42 952
8 872
850 19
620 681
349 605
524 295
926 471
15 668
916 73
910 292
993 618
553 300
461 148
512 470
234 542
902 255
851 741
243 405
501 697
657 713
252 477
270 228
164 815
826 412
901 462
651 539
929 925
273 849
441 747
354 284
691 647
284 119
624 610
270 6
807 869
152 993
88 799
201 512
868 592
644 134
562 571
580 485
201 657
412 753
822 888
307 477
456 545
843 191
257 560
575 588
400 24
537 617
558 785
227 547
891 536
490 403
37 302
810 750
46 206
723 195
117 208
879 210
230 465
269 651
484 388
97 396
571 919
776 545
866 546
174 248
163 105
805 954
954 356
558 468
405 44
874 223
747 359
766 449
343 368
884 20
618 216
233 126
626 767
571 66
837 355
612 958
314 217
375 567
381 159
76 627
43 378
100 377
483 627
397 831
959 393
617 806
638 840
931 424
181 9
219 458
773 309
301 736
195 357
513 792
398 266
299 451
137 60
156 328
838 884
565 36
476 941
169 979
759 274
326 392
635 800
618 958
503 208
717 826
773 120
811 317
159 696
815 413
51 320
385 272
296 377
132 7
904 120
653 611
85 33
964 868
550 245
331 161
153 641
639 479
14 406
400 358
244 629
579 724
84 222
781 144
106 626
303 956
567 643
305 643
827 574
844 752
386 952
518 881
351 960
689 561
467 191
643 192
58 608
476 311
59 281
938 524
957 288
649 631
961 933
691 204
785 375
52 451
230 509
395 136
123 783
605 159
254 503
185 716
921 585
629 9
150 146
46 483
789 313
331 971
704 367
372 149
870 188
874 51
158 776
766 509
73 272
112 762
519 369
818 963
903 214
121 636
189 694
779 93
980 682
529 694
560 76
669 422
45 396
964 230
841 629
994 865
498 80
544 944
360 113
604 780
401 561
234 761
695 532
592 987
441 833
534 542
928 317
542 16
350 635
325 135
616 96
264 85
483 43
85 227
565 169
568 131
807 860
847 851
378 685
599 478
880 260
271 419
365 324
423 548
461 583
912 527
89 386
327 136
153 669
802 478
909 366
985 248
786 507
36 750
147 591
207 327
662 665
296 2
44 672
303 688
122 284
508 821
58 516
993 423
991 724
422 439
615 808
373 141
304 396
509 349
734 142
667 851
335 193
358 162
554 675
710 806
90 695
452 50
650 603
793 922
138 353
68 226
642 177
441 304
867 918
483 685
618 16
450 446
395 483
860 245
309 361
704 617
903 75
7 150
210 286
361 154
72 777
399 280
293 805
77 78
647 70
501 898
979 526
980 829
380 1
453 859
203 568
741 8
214 152
843 616
56 806
973 229
904 500
497 410
119 277
96 554
713 696
790 960
691 573
543 548
985 280
124 252
226 549
904 210
523 568
29 303
730 204
748 597
493 866
299 553
139 988
342 905
583 942
786 76
365 441
493 644
296 192
341 304
756 226
550 396
754 555
738 437
456 92
883 782
221 395
478 266
615 767
762 145
391 497
486 817
434 852
400 76
672 177
6 712
10 647
361 681
692 747
253 907
988 322
550 761
741 950
324 118
745 346
197 196
804 124
823 176
940 876
353 846
706 842
466 231
106 14
861 494
427 800
448 661
358 424
34 338
764 527
774 382
958 747
459 11
634 907
399 419
961 85
432 776
567 450
701 341
681 843
315 581
899 462
446 655
564 580
506 524
158 141
821 339
717 418
564 491
655 988
695 559
882 242
668 601
138 808
225 84
747 996
597 478
372 935
468 678
165 322
773 3
133 228
180 129
810 24
43 763
652 811
655 355
394 867
131 364
3 505
99 160
655 257
507 583
236 127
202 187
402 425
683 568
869 138
227 323
680 834
665 397
663 148
738 72
917 524
862 134
488 235
10 808
729 420
476 195
413 686
188 433
664 660
3 354
501 896
600 294
127 827
917 351
663 335
940 848
559 654
569 906
997 786
619 288
547 95
362 795
737 317
957 816
941 459
346 337
803 438
843 375
219 47
719 746
975 668
7 222
85 650
176 346
582 598
363 984
621 555
626 990
739 645
280 200
907 293
871 620
841 553
881 756
4 759
663 864
833 585
923 191
816 793
214 192
845 482
39 47
575 201
105 631
677 697
679 31
752 407
169 978
916 489
80 179
749 215
198 615
324 806
373 707
265 336
454 780
554 86
27 250
834 230
545 889
839 123
236 204
787 804
513 776
493 699
441 79
957 236
905 401
175 19
344 21
40 782
425 820
390 838
905 482
190 628
819 100
702 975
369 727
813 638
454 711
29 11
690 203
13 118
35 386
439 444
296 950
460 889
559 479
476 189
50 253
108 516
865 192
830 646
563 777
58 323
884 843
477 267
225 210
228 663
447 631
361 498
966 337
419 238
614 295
140 812
417 401
551 722
474 674
862 529
663 704
813 83
848 40
292 582
367 512
855 15
971 820
132 285
682 673
428 277
232 174
910 945
90 788
859 373
811 860
632 335
411 586
543 525
481 980
308 242
96 540
8 750
262 807
897 452
115 891
973 337
9 4
119 161
449 477
565 7
547 516
531 907
942 851
997 428
749 187
476 801
498 533
541 175
528 786
123 384
929 821
342 866
75 101
991 19
481 718
298 268
467 399
730 267
625 215
807 701
442 723
795 221
467 380
153 480
611 149
762 11
874 705
791 601
491 19
348 696
793 605
667 52
227 749
247 758
339 461
178 475
606 43
787 655
793 718
166 632
655 83
540 429
136 571
33 833
736 384
348 990
634 291
603 848
509 205
241 951
244 14
49 40
413 519
34 476
767 850
382 436
349 764
315 493
853 869
214 733
92 249
314 47
812 226
480 283
431 852
290 20
148 170
612 631
753 380
673 989
410 749
285 495
915 904
907 284
785 952
544 989
981 632
873 135
102 627
678 35
566 162
345 478
518 65
425 406
423 135
7 964
229 884
712 402
165 476
845 426
722 567
891 212
734 610
55 841
636 128
998 307
411 608
752 397
545 176
268 569
640 620
80 409
333 841
270 619
331 360
979 452
286 828
584 872
514 579
934 812
529 390
553 8
93 351
295 903
611 798
84 206
578 968
912 153
953 334
469 716
456 741
239 730
19 789
558 874
939 932
986 376
418 673
442 299
172 368
413 634
71 686
953 285
718 415
75 683
115 838
119 918
966 249
289 549
556 413
884 50
296 571
81 827
427 723
120 159
599 537
893 828
860 43
383 974
42 934
48 27
46 762
51 908
803 413
661 39
385 448
578 903
138 100
398 606
367 171
647 421
711 758
214 330
203 551
38 240
391 632
566 142
241 249
169 612
976 116
915 923
816 717
584 377
103 899
713 564
901 460
5 7
815 522
318 214
1000 393
217 993
548 867
950 523
666 806
155 343
172 655
687 251
169 534
807 871
955 976
407 373
986 966
623 527
754 362
248 743
619 552
384 765
143 732
735 86
238 730
564 748
482 152
784 658
466 683
473 971
500 247
549 111
491 219
878 917
316 390
639 232
153 237
629 386
334 294
409 141
581 303
213 747
895 46
374 598
267 424
486 60
345 952
438 179
154 187
555 682
576 335
818 388
975 398
822 452
971 954
607 770
685 948
64 92
194 625
765 134
713 315
306 835
327 943
538 694
745 106
13 521
185 227
332 854
974 477
977 15
449 369
29 978
358 518
270 136
375 491
565 945
659 308
399 113
493 118
789 697
648 547
315 846
765 714
752 759
349 263
919 751
596 840
762 560
959 254
816 632
411 828
839 340
164 732
757 763
60 541
117 604
541 202
191 465
805 341
660 680
939 403
804 531
191 570
327 166
888 868
351 812
28 193
93 485
365 384
723 530
546 590
869 816
156 701
126 631
625 276
553 55
239 828
460 747
541 526
728 43
513 319
325 163
678 361
918 472
499 720
857 762
631 108
624 219
516 483
495 900
6 657
577 715
762 313
818 247
432 262
286 417
639 29
36 136
261 877
922 169
318 790
463 331
410 325
366 514
662 63
367 303
365 317
595 8
742 489
500 972
963 492
509 10
58 418
521 778
647 190
6 834
337 153
101 320
543 121
732 38
556 244
225 556
427 936
410 662
450 459
890 364
147 473
619 614
828 992
794 560
100 287
300 329
584 68
363 967
91 116
139 594
958 898
203 408
160 971
949 911
744 703
916 498
960 802
544 545
228 10
636 415
214 237
363 741
146 261
403 398
906 283
425 931
32 356
358 780
109 394
756 447
413 568
596 876
479 40
482 284
561 679
714 723
470 293
626 391
679 147
756 774
985 476
36 522
915 265
155 516
347 731
919 465
56 540
199 876
439 366
290 889
114 597
387 49
890 210
527 781
635 439
598 313
23 482
809 185
168 79
729 370
469 567
921 384
940 612
546 815
527 592
164 106
862 321
386 188
432 290
340 683
69 19
987 560
969 29
71 858
537 982
594 773
45 187
739 654
133 552
372 282
176 5
347 986
384 82
556 216
892 717
727 257
726 594
714 189
129 770
190 437
302 756
110 236
989 695
792 109
242 28
240 812
873 134
33 95
258 135
146 726
39 97
316 746
579 52
321 324
861 789
52 220
15 456
962 942
916 261
976 24
670 300
195 716
270 190
492 378
476 919
507 863
336 26
687 664
491 323
804 398
666 997
596 614
943 499
402 323
416 747
350 554
454 119
277 550
367 904
687 111
689 586
897 501
679 763
886 389
123 947
560 964
563 930
800 432
396 11
842 87
738 179
224 258
426 962
154 117
339 51
413 712
378 535
749 516
729 457
666 456
796 603
11 821
858 880
106 253
172 583
554 645
102 298
750 813
893 533
537 462
385 73
352 132
20 470
237 695
898 265
394 120
181 272
295 296
280 127
200 310
592 744
545 113
298 879
81 117
209 184
138 953
795 575
254 600
590 150
114 70
497 86
189 632
636 455
878 124
420 700
627 316
954 596
849 345
526 984
907 630
936 659
290 620
269 773
259 647
612 63
209 516
395 363
946 631
639 710
587 363
215 554
631 98
354 138
905 234
155 455
284 225
86 317
972 310
443 576
924 433
303 52
658 101
587 73
95 310
478 202
316 161
999 988
949 730
965 732
544 364
808 281
484 461
395 899
892 707
841 343
70 3
252 866
919 108
334 692
745 755
248 309
643 118
681 463
934 555
629 385
550 150
478 631
460 934
391 356
912 21
107 411
92 493
318 891
597 318
799 264
876 493
606 770
701 758
225 293
258 733
483 662
905 269
543 132
349 767
313 620
461 83
285 293
784 396
475 91
498 656
868 658
889 729
676 537
881 537
110 309
440 289
538 550
902 79
182 913
446 219
180 291
16 708
21 701
498 186
63 86
820 883
750 500
131 181
20 379
259 965
630 275
635 948
66 457
639 900
184 4
954 616
449 96
969 520
312 936
313 465
994 400
958 35
1000 373
844 446
619 646
907 880
782 124
87 752
416 932
645 204
424 115
317 139
160 330
680 657
611 123
60 211
870 740
83 690
246 130
17 224
680 800
425 843
615 688
581 480
47 324
107 89
540 331
581 369
602 956
604 166
733 342
331 449
331 750
351 739
62 786
162 624
535 425
610 370
956 362
116 110
634 751
414 405
589 537
613 403
393 670
49 236
42 639
776 909
483 515
586 556
825 748
498 508
689 557
599 245
839 836
328 643
518 200
167 954
133 870
259 141
601 646
873 169
158 203
574 755
575 158
693 339
637 177
195 322
6 286
484 876
747 942
221 847
792 351
703 139
445 135
838 998
714 720
752 611
42 213
407 335
213 12
92 883
109 733
682 5
745 726
563 314
199 958
644 89
296 902
192 904
340 240
636 757
416 704
679 577
882 591
204 551
615 583
249 186
865 186
162 835
951 577
90 43
829 165
245 46
942 380
819 499
970 77
364 198
410 132
250 455
839 925
733 442
205 596
131 489
827 829
75 560
225 131
406 184
379 946
32 749
715 958
205 722
486 890
525 287
953 752
662 216
349 339
520 737
794 448
10 339
414 497
642 140
183 300
332 554
298 598
979 821
86 537
305 358
147 391
720 579
633 442
174 218
106 346
272 760
517 706
186 338
560 107
413 280
725 665
825 889
719 159
713 818
371 707
228 88
985 579
533 281
720 240
332 238
786 903
683 21
744 5
372 846
928 170
692 493
285 849
808 738
971 286
398 30
521 195
263 894
624 634
307 182
630 416
8 121
377 702
704 262
715 972
109 143
972 275
134 888
191 633
625 241
683 977
667 500
616 396
299 968
213 770
568 367
111 746
804 103
26 359
738 576
131 928
387 458
979 292
142 333
984 398
221 57
295 790
6 719
672 763
31 808
456 374
662 922
684 582
781 414
671 856
214 797
585 159
586 160
549 316
809 455
295 628
724 822
942 229
662 164
853 918
724 952
144 354
418 897
606 694
764 765
974 186
723 502
63 633
449 829
357 156
582 335
909 565
966 558
128 790
629 992
160 679
841 720
751 317
38 696
42 567
492 11
157 262
177 712
517 550
583 968
584 413
950 380
599 633
295 9
557 438
670 111
484 966
121 900
803 586
932 814
423 668
69 961
985 712
15 609
289 321
933 616
238 156
475 570
350 954
703 114
587 669
178 801
534 263
887 102
392 37
469 57
1 88
200 834
477 606
740 324
189 202
373 669
70 727
754 360
316 819
184 434
155 119
820 323
895 905
572 508
144 466
780 899
819 13
87 973
412 741
761 286
16 445
713 480
680 980
132 629
40 51
519 837
67 794
191 960
298 669
343 953
128 694
537 542
225 90
596 63
582 126
55 154
443 124
796 696
826 636
12 239
529 787
513 438
453 331
793 934
379 747
418 933
426 616
295 93
806 765
122 456
285 108
426 507
877 530
655 750
238 380
241 552
405 891
910 984
68 987
769 488
332 848
258 879
206 841
518 154
608 303
920 923
298 979
284 258
214 199
265 123
530 441
369 63
186 991
651 571
837 335
824 85
878 392
865 831
207 188
521 27
481 566
356 402
801 379
327 19
842 80
818 734
284 198
839 116
334 747
273 83
716 193
16 566
868 388
597 66
144 960
477 836
227 357
411 378
875 305
657 134
958 828
352 658
577 431
939 704
27 906
468 232
541 701
874 394
269 858
535 67
595 300
101 539
857 617
55 254
737 3
525 506
35 821
163 9
665 207
860 126
54 941
224 920
78 39
315 307
886 514
267 180
15 562
471 76
515 474
409 78
413 271
863 879
464 181
394 128
379 322
694 31
492 739
879 17
336 127
580 600
506 579
323 139
950 292
830 350
116 594
924 903
284 358
394 482
553 955
938 231
80 3
777 163
564 349
322 64
146 402
954 525
299 688
615 570
85 239
838 999
985 433
89 228
414 643
695 822
147 772
169 860
575 460
288 190
473 246
181 557
165 232
627 533
102 122
557 834
621 15
235 860
786 100
326 437
56 313
57 608
134 812
505 182
928 920
882 588
156 643
191 934
179 802
588 702
700 448
979 267
937 257
321 629
187 364
153 812
637 677
597 809
266 629
378 753
92 448
610 420
135 789
689 62
307 210
789 488
617 529
944 335
729 643
343 327
92 69
405 96
50 624
48 227
124 598
860 66
702 869
663 747
29 709
619 272
327 202
972 539
857 61
133 679
244 350
262 192
513 9
537 131
298 649
337 933
10 5
531 605
33 535
954 860
132 496
685 668
506 126
708 195
419 856
299 510
542 78
446 99
213 348
994 611
282 815
99 349
544 702
543 544
413 283
197 624
172 678
446 349
180 169
143 295
290 953
448 353
670 460
730 379
290 808
424 266
758 261
351 209
373 809
818 742
431 824
715 114
166 302
942 703
619 990
32 846
18 881
457 471
577 486
317 803
890 103
763 479
969 332
753 741
644 860
957 499
960 25
84 897
891 627
303 737
207 449
235 247
571 625
697 814
2 140
793 687
44 535
338 244
774 491
123 858
183 696
97 123
922 124
872 831
889 135
27 656
727 739
129 416
628 356
75 684
903 372
951 637
324 197
845 549
567 763
563 608
324 84
261 581
580 165
846 364
643 155
497 921
815 979
836 94
534 636
750 567
258 827
647 311
317 904
416 367
884 586
203 937
792 250
834 845
63 397
216 524
983 364
217 885
824 203
536 9
995 290
8 312
962 41
907 616
294 382
990 747
41 304
367 616
318 85
346 693
986 396
298 451
338 660
283 61
1000 569
454 198
537 850
765 362
745 983
373 958
544 134
504 963
816 814
696 449
554 803
636 423
408 649
995 847
409 368
526 389
784 804
931 727
184 644
974 731
919 110
486 977
462 953
753 530
58 568
831 967
903 442
861 43
951 941
988 290
19 9
922 80
362 47
101 631
978 900
141 460
537 319
473 480
300 179
618 540
443 349
733 326
267 139
37 877
849 287
557 102
153 288
262 130
620 650
293 872
789 115
246 792
102 732
638 994
147 303
149 389
557 264
246 907
742 780
698 430
845 13
583 288
21 699
99 695
885 828
318 407
764 163
603 103
622 193
950 712
54 445
81 369
526 523
650 598
712 429
695 700
294 255
332 390
522 850
542 273
14 206
18 245
221 922
495 830
95 993
777 96
435 36
75 125
554 439
812 926
282 945
387 968
818 735
469 26
947 897
142 221
787 808
282 351
682 446
95 135
958 259
448 472
87 867
606 273
204 573
724 324
247 633
930 915
611 202
5 589
981 452
583 144
434 905
92 685
352 258
776 484
120 798
887 574
128 659
314 834
127 452
429 274
197 247
469 882
572 965
334 107
413 127
879 604
127 731
993 233
701 536
703 529
818 468
177 420
954 244
353 763
639 755
219 158
148 146
920 171
719 805
578 859
98 785
816 76
893 82
987 149
517 748
755 113
609 497
228 215
335 733
696 513
345 597
586 701
510 621
884 442
25 619
246 919
565 865
768 13
91 230
755 143
794 977
229 860
623 140
574 832
995 493
856 492
656 865
217 941
989 995
60 589
21 945
479 21
501 493
427 390
691 597
599 356
530 301
786 835
264 279
333 976
549 736
19 321
244 688
283 116
431 52
804 562
142 185
844 307
363 195
442 735
522 571
778 897
759 976
883 904
776 162
170 593
390 806
677 136
956 955
500 367
301 266
675 517
433 146
306 224
92 689
704 51
244 884
939 956
374 755
378 766
508 673
757 50
24 114
447 518
33 822
965 69
895 388
810 818
371 280
210 102
603 965
288 968
581 6
271 522
681 944
976 576
974 207
957 771
706 741
973 109
93 733
516 465
760 966
832 595
729 973
949 772
704 669
634 850
841 532
828 886
686 652
856 803
926 159
345 290
473 277
38 975
989 805
498 192
81 296
155 545
228 41
835 195
104 87
643 788
330 537
937 631
646 153
961 361
246 669
337 727
566 448
697 769
511 555
627 722
574 975
652 941
69 781
610 547
661 677
829 259
460 362
181 336
29 75
117 876
51 191
144 619
881 252
186 136
27 166
182 838
740 640
982 717
826 937
991 273
834 460
374 317
411 293
947 151
605 399
461 526
925 86
645 548
204 724
279 234
871 332
728 998
254 342
991 567
429 202
196 747
322 954
362 255
344 926
349 403
791 252
98 661
465 766
673 88
28 712
179 588
533 933
720 884
59 34
762 495
507 46
288 980
664 603
831 529
23 564
543 589
193 937
604 397
698 198
491 716
475 195
936 623
963 310
357 235
820 725
379 559
863 785
58 200
251 745
660 237
682 613
591 471
168 472
890 768
180 330
162 237
552 957
829 624
25 547
320 861
484 960
266 287
380 145
437 470
257 23
756 564
937 393
925 33
214 40
623 196
716 362
220 889
773 253
833 386
541 113
523 458
128 936
263 719
950 527
739 808
958 10
501 421
446 382
123 479
839 509
626 458
388 435
728 390
265 648
527 160
506 60
14 13
934 98
373 780
134 858
70 868
61 127
305 693
32 875
199 785
576 135
746 603
831 744
382 135
18 628
224 289
850 429
409 145
509 256
182 366
555 896
962 898
999 413
73 493
823 655
936 813
520 556
543 240
853 936
126 106
680 274
883 301
975 325
448 758
470 631
56 679
608 84
613 461
188 648
542 971
923 839
68 950
194 565
349 955
632 201
880 369
134 73
428 302
802 255
51 932
414 233
200 341
724 232
718 159
547 817
513 993
147 159
773 319
924 957
836 337
17 639
788 156
458 539
848 399
353 589
354 472
707 452
890 738
623 329
19 183
908 719
856 680
37 976
803 447
844 441
743 645
815 264
619 635
354 872
30 996
271 506
477 721
777 321
598 251
356 754
195 820
587 118
499 950
960 420
856 117
395 595
748 195
740 596
294 523
720 484
887 648
525 133
545 719
896 843
969 267
435 483
239 681
520 795
704 40
870 965
946 45
766 698
32 597
586 4
624 223
19 849
101 537
307 649
474 909
444 904
76 969
936 890
962 998
215 502
239 508
96 102
335 777
620 969
751 401
770 400
64 627
8 618
401 888
555 539
936 551
438 572
522 416
851 468
820 653
905 586
140 527
312 412
24 16
910 954
922 48
181 198
654 335
937 888
919 952
996 221
615 724
964 371
217 658
15 323
953 6
848 476
77 902
170 248
632 451
670 165
897 479
259 546
132 316
677 600
384 549
817 67
482 280
941 895
213 408
353 34
54 506
769 950
26 765
16 473
142 15
606 464
109 168
91 677
293 417
387 164
170 316
209 722
835 546
711 143
522 24
680 737
80 577
969 709
696 267
192 58
374 470
732 700
144 189
454 414
221 417
793 544
667 11
637 889
339 938
840 709
966 5
291 783
883 681
222 789
867 448
808 869
395 861
13 486
330 378
874 383
676 9
475 472
35 212
850 374
267 500
175 743
343 321
988 154
755 641
707 546
747 293
276 509
480 272
623 218
875 633
119 604
907 386
608 139
394 162
488 25
673 718
981 515
501 534
172 707
159 759
626 882
842 951
774 631
357 972
764 228
341 789
973 368
137 522
905 16
523 417
281 782
303 329
732 776
551 23
313 413
132 167
66 174
480 468
696 90
159 954
455 69
756 870
133 283
743 892
815 339
485 776
164 615
536 562
743 717
801 402
341 329
259 474
596 465
615 535
622 677
678 203
830 918
118 900
83 659
400 51
255 21
516 129
149 600
539 32
80 843
10 830
433 189
143 778
515 569
937 351
322 375
205 610
611 995
336 991
957 723
281 114
135 891
874 339
245 589
932 439
55 32
3 413
867 730
372 164
399 583
395 39
258 757
281 140
45 155
600 622
432 32
881 791
515 391
935 566
438 458
439 935
732 490
881 992
937 918
647 19
93 721
458 770
862 780
684 20
924 555
465 202
981 476
730 886
87 55
253 299
146 679
256 363
609 563
835 17
176 402
901 567
233 386
115 84
704 920
246 591
123 240
712 435
159 888
480 727
761 715
99 379
100 128
816 593
321 213
360 877
18 143
535 918
407 259
318 170
543 919
605 814
878 354
158 32
338 771
468 898
655 414
473 812
934 99
973 711
117 357
887 385
14 445
75 177
819 845
605 609
58 996
629 363
350 388
886 74
979 340
943 241
601 458
642 942
70 7
466 272
28 527
601 379
469 385
309 838
643 122
505 319
813 292
1 302
775 142
331 855
620 600
614 418
814 96
799 244
234 22
469 428
186 383
96 91
404 780
131 716
244 67
409 946
921 15
832 766
120 192
484 417
871 823
177 271
514 510
936 588
336 360
661 70
93 516
223 725
963 162
640 207
243 344
150 676
483 457
301 584
555 365
829 902
441 957
744 162
837 935
218 9
842 975
665 590
578 313
885 939
217 855
968 569
565 839
898 988
532 910
544 760
228 369
412 104
472 771
569 155
972 112
812 521
782 209
970 401
143 281
853 68
857 1
520 58
293 29
611 494
539 349
170 744
173 567
660 970
341 257
904 577
779 328
80 757
174 867
531 414
538 398
757 826
723 902
425 847
514 439
897 549
606 49
588 740
75 955
867 423
763 630
840 569
363 704
145 713
199 538
662 982
700 29
295 731
336 776
233 400
503 928
866 740
206 381
541 988
68 358
236 940
148 446
3 469
23 526
797 983
760 278
867 129
570 339
970 745
129 31
663 734
78 42
784 349
586 985
849 746
185 800
827 465
556 241
521 149
82 360
889 520
728 820
768 993
107 967
167 801
208 286
150 721
924 764
779 163
86 723
142 545
489 267
42 669
464 71
116 205
87 255
752 172
919 808
812 312
691 953
255 990
3 223
642 667
190 79
215 648
398 408
333 637
605 914
786 833
204 238
799 965
104 426
657 948
216 228
531 111
184 258
277 811
494 547
387 167
830 153
647 829
869 637
799 874
531 220
197 864
829 479
69 474
655 327
587 21
201 850
221 271
682 291
900 382
80 721
889 285
291 929
331 416
683 663
245 42
378 653
255 193
511 171
663 62
900 668
760 413
795 366
148 701
927 357
948 532
732 963
469 675
791 218
367 737
358 165
435 668
720 906
883 454
165 523
192 487
681 549
98 977
444 709
637 700
822 278
591 223
813 177
68 120
984 865
347 23
102 779
533 67
152 367
737 488
314 267
206 789
797 334
484 95
158 152
146 576
73 992
627 9
648 642
958 931
285 11
747 864
200 509
272 922
38 973
170 221
298 918
438 435
285 188
335 578
18 281
971 389
330 519
241 160
652 984
195 691
638 613
125 558
878 468
554 502
829 656
316 965
333 609
263 890
123 53
966 928
763 5
191 532
179 500
914 1
829 370
65 748
286 919
658 122
677 302
843 58
591 317
847 594
518 534
762 966
356 651
782 939
890 938
481 462
601 493
982 562
16 341
144 154
554 426
329 146
662 700
873 56
875 139
322 777
841 271
128 686
793 684
460 959
390 546
653 104
814 225
14 994
129 308
849 645
296 771
387 748
373 283
563 839
837 108
474 578
292 855
757 673
297 767
63 532
944 366
62 953
11 953
948 954
665 132
757 310
816 296
120 165
817 65
766 60
702 772
115 106
722 62
371 20
414 96
822 109
310 177
774 256
997 985
983 154
864 770
445 591
64 858
233 821
551 839
54 293
684 164
280 354
669 280
267 556
522 173
530 759
704 792
203 974
262 737
941 549
218 165
91 849
901 54
51 445
9 70
892 165
52 44
131 439
901 71
267 570
961 484
725 259
285 930
67 359
878 355
460 392
248 894
635 122
502 55
400 483
626 347
271 523
593 546
669 717
356 728
137 503
369 400
532 571
628 784
574 346
120 551
473 754
404 713
939 728
942 329
593 861
425 739
136 618
283 717
741 834
596 59
810 700
173 39
589 671
770 27
607 618
607 485
392 845
154 884
250 733
694 378
586 851
291 437
662 132
223 822
188 321
984 938
662 375
813 249
340 829
270 652
168 870
421 541
17 851
43 131
116 971
377 845
980 892
416 287
933 726
495 369
206 764
945 636
216 636
640 494
863 698
557 551
744 50
66 450
622 183
659 171
532 155
721 294
688 425
117 628
731 333
90 383
146 61
610 630
204 203
242 402
908 713
484 683
892 312
86 227
198 489
951 805
915 499
57 991
706 436
283 109
657 856
948 361
680 519
734 350
627 938
43 621
407 4
486 519
900 411
248 632
65 326
128 871
31 569
325 796
625 270
152 778
866 429
215 562
481 103
176 723
545 702
107 493
912 744
476 190
939 994
983 681
123 775
733 450
383 729
137 857
11 880
107 267
609 77
708 279
361 388
681 601
77 320
208 497
889 926
46 709
843 935
516 813
172 235
658 58
207 135
445 100
896 215
477 765
738 713
100 261
30 104
785 981
648 743
190 274
446 248
37 789
431 524
877 716
968 888
769 377
260 356
579 94
63 113
801 72
584 296
971 408
238 233
574 839
646 176
371 520
523 391
105 596
125 521
365 26
343 78
555 118
668 271
373 575
262 568
377 564
213 422
142 1000
425 238
963 618
88 816
326 286
950 868
661 767
443 542
831 611
391 889
819 171
503 466
30 966
381 946
990 960
413 193
39 524
633 709
761 504
62 503
100 526
622 655
491 123
737 615
481 417
482 858
105 775
567 767
986 730
649 918
3 116
294 565
282 37
926 778
283 260
303 713
623 912
794 184
761 75
162 574
127 922
516 461
184 814
404 999
334 352
407 921
417 596
533 910
241 936
554 683
828 350
866 649
137 885
686 406
12 179
305 191
72 158
441 463
884 37
741 636
23 557
64 546
875 746
567 208
721 640
49 696
648 346
138 504
699 201
936 517
42 604
962 541
7 799
618 314
466 575
911 453
371 760
518 169
388 902
816 841
40 69
161 4
800 701
985 759
868 989
551 128
536 231
700 217
982 902
669 85
394 533
143 434
165 342
981 538
132 161
777 44
797 177
484 668
549 560
454 828
756 864
830 43
249 398
982 486
865 724
451 983
608 498
221 737
406 194
995 966
838 108
464 453
505 86
114 962
596 322
417 933
715 340
753 516
539 34
245 13
136 591
629 409
553 130
758 197
541 865
857 564
982 188
235 376
571 482
185 675
439 18
86 281
286 483
783 853
634 689
687 425
867 595
832 660
357 135
448 749
381 1
509 972
948 843
795 700
918 966
975 275
523 634
290 535
557 143
116 833
936 883
584 51
638 970
531 524
306 449
24 74
868 843
650 386
873 219
394 324
470 187
16 734
695 438
254 578
320 848
663 287
497 72
81 265
688 319
872 44
565 983
147 98
518 439
77 733
372 66
251 22
14 246
161 258
15 91
554 491
826 532
938 74
170 464
479 110
445 202
988 191
514 877
90 267
347 744
875 861
929 758
531 166
643 416
296 277
429 615
361 817
934 240
420 630
740 679
73 195
770 980
18 849
662 750
909 63
782 823
841 345
158 779
130 422
520 866
60 43
207 180
135 955
516 712
126 316
71 613
771 179
277 294
280 630
390 527
343 549
509 285
865 45
261 882
855 606
962 897
83 955
799 246
710 983
913 631
474 551
805 929
922 207
962 816
870 137
308 259
689 89
585 408
971 947
272 551
515 485
721 712
828 612
996 454
813 248
855 285
650 652
860 181
733 929
347 106
560 89
119 518
428 297
341 632
879 504
404 322
777 936
225 763
851 539
512 395
968 861
254 638
561 978
377 829
663 239
489 591
808 897
316 680
613 910
281 859
967 140
170 722
407 432
744 66
742 765
969 867
739 841
441 526
599 461
877 43
950 921
348 604
312 797
574 21
591 921
799 880
565 382
786 125
312 652
188 295
886 138
961 225
209 772
123 730
711 53
397 45
36 755
184 582
38 289
496 488
350 471
64 236
541 406
891 721
32 906
58 902
866 17
818 796
532 641
179 890
552 224
24 953
421 665
775 574
813 647
707 780
140 119
178 446
396 457
383 331
225 121
123 774
509 289
995 809
809 497
650 951
16 259
837 35
710 819
987 602
804 188
698 923
440 903
318 1000
245 648
449 847
283 871
802 973
15 904
794 216
596 345
242 702
439 888
510 439
149 195
820 648
978 563
987 233
328 826
807 386
898 634
858 374
215 55
687 864
115 323
797 281
394 284
693 344
633 817
440 434
122 540
998 533
657 767
318 451
57 175
351 437
725 728
893 402
78 437
308 24
958 118
997 468
674 921
204 232
563 403
433 714
251 335
911 981
734 680
147 888
39 702
196 831
822 926
554 137
397 448
527 778
625 344
312 535
162 861
126 410
161 886
880 106
74 49
4 452
387 468
904 714
154 489
248 260
874 600
790 202
723 789
938 250
776 531
559 360
893 718
860 561
969 6
757 431
996 809
334 400
852 341
67 759
859 627
350 963
555 858
681 555
444 711
29 559
211 308
158 877
140 712
902 810
223 777
742 31
873 476
580 526
604 84
309 368
147 397
617 967
530 822
784 458
200 257
823 875
270 908
42 748
6 67
94 483
228 247
693 267
125 857
931 410
915 769
293 957
922 833
427 171
929 173
893 764
260 345
133 981
516 578
759 316
136 214
963 811
420 534
557 767
588 27
402 152
131 490
648 192
96 909
445 22
598 68
624 719
71 60
143 339
792 607
443 573
128 454
84 313
305 572
32 212
216 113
645 270
683 983
61 34
326 37
863 198
421 383
652 568
995 854
154 346
893 772
288 556
182 612
738 44
496 655
926 751
944 947
541 719
191 938
991 563
923 307
27 742
727 777
857 571
328 295
699 296
560 838
737 78
426 751
113 180
513 477
878 976
235 409
519 291
104 620
451 193
894 119
436 555
295 336
280 983
279 795
175 986
586 543
695 147
788 311
699 212
276 3
686 466
979 580
30 22
232 861
696 590
713 400
920 22
533 470
536 38
630 986
24 250
812 371
371 677
780 657
475 643
655 852
454 639
807 57
373 581
906 474
468 687
985 872
792 413
243 701
906 429
289 421
200 840
646 411
815 368
982 259
415 902
880 325
631 954
717 353
757 513
888 848
481 270
9 695
14 384
571 837
31 831
998 369
117 275
718 775
204 613
245 127
302 238
106 919
359 459
810 500
574 442
853 737
411 434
777 639
72 618
549 248
291 200
407 902
585 812
378 562
452 861
110 785
914 694
827 891
311 10
664 306
770 25
862 659
367 275
757 359
171 524
651 262
283 922
846 238
976 637
738 628
421 824
393 905
181 207
733 783
8 782
409 721
301 931
743 456
977 502
350 340
465 154
927 768
569 732
898 518
691 817
730 841
747 669
538 592
333 372
264 837
372 750
877 887
470 55
474 1
369 416
424 839
359 837
431 328
677 672
380 288
53 198
132 235
494 946
913 458
786 856
968 651
420 558
113 52
856 684
708 693
674 997
307 244
255 746
535 548
22 601
223 72
830 224
339 111
304 862
105 809
288 263
388 830
71 4
165 79
739 38
837 954
178 202
216 41
490 584
454 39
70 141
535 266
488 763
653 891
1000 937
430 460
197 335
236 491
538 397
79 815
433 361
168 234
390 601
999 223
509 335
109 661
277 313
560 683
135 815
508 704
701 674
685 349
43 896
115 774
741 582
979 945
410 508
586 885
561 579
684 579
614 175
563 607
36 132
931 131
953 447
371 613
519 504
996 507
675 134
159 505
487 988
690 408
870 359
583 737
237 922
989 683
171 52
318 293
217 662
521 462
483 375
339 333
460 239
933 601
381 524
442 896
77 787
688 504
38 134
89 822
96 883
333 634
109 53
66 87
618 920
894 805
593 334
710 801
596 731
902 622
312 614
194 307
341 448
731 728
680 598
53 508
62 958
19 324
630 462
387 168
795 807
834 195
377 276
912 633
705 854
179 10
805 450
536 585
463 834
264 268
105 918
804 654
682 302
539 171
945 93
335 260
982 533
382 993
771 492
115 678
22 822
938 583
248 261
943 170
411 461
734 722
804 364
54 583
836 541
546 662
414 397
554 681
343 302
228 700
580 425
603 984
70 511
823 215
721 629
663 654
150 295
279 641
29 558
818 501
658 474
966 709
453 414
935 526
428 252
825 589
196 176
332 944
722 232
940 55
376 980
695 319
737 493
663 989
467 411
877 541
253 259
837 307
467 975
722 266
871 687
105 276
959 88
372 806
263 593
418 67
603 162
686 883
66 8
907 578
412 60
431 256
323 395
52 75
186 487
226 834
523 562
302 535
312 871
921 959
373 973
336 824
878 309
957 186
668 51
833 859
148 991
421 493
260 813
766 901
892 576
434 104
917 909
402 458
296 89
938 909
247 572
70 31
952 516
97 147
244 806
562 511
801 865
805 169
919 95
96 472
23 252
140 56
692 765
31 573
898 76
58 976
188 812
444 390
970 842
415 148
704 764
93 794
206 43
23 563
543 168
927 9
710 651
966 545
736 114
189 972
855 379
837 284
188 8
315 935
133 645
940 27
45 458
128 440
823 767
437 416
954 890
8 704
426 179
427 150
33 115
164 963
733 750
48 44
406 768
426 66
48 592
929 57
582 925
499 751
992 165
497 479
761 890
639 889
180 228
772 288
350 844
753 491
133 234
248 786
726 59
194 456
692 127
754 272
369 886
772 571
635 127
907 844
131 342
351 819
484 1000
340 192
803 675
529 456
714 836
218 663
756 567
443 806
529 89
490 375
491 210
3 78
470 745
74 217
439 451
277 292
619 111
33 768
909 799
19 937
13 314
525 380
489 215
487 324
254 81
400 832
901 800
873 377
671 970
150 216
858 719
451 303
35 44
182 141
24 283
153 441
780 882
339 418
931 230
462 476
141 825
733 959
954 60
59 656
560 91
797 642
433 116
581 763
820 549
548 500
897 805
438 614
590 250
403 12
846 864
404 307
480 937
246 572
285 240
219 372
807 79
544 653
284 392
485 537
768 325
437 678
705 702
144 650
347 601
596 704
815 422
781 594
687 989
199 61
956 728
4 61
441 637
706 435
730 94
783 309
914 68
644 109
94 188
386 877
597 75
246 107
283 909
892 537
490 585
967 457
625 178
308 634
240 912
729 749
321 753
92 564
476 411
408 747
649 531
799 545
35 396
143 985
59 274
64 396
637 961
605 355
36 34
887 933
926 975
306 472
36 177
807 827
339 352
54 647
254 77
935 916
3 609
881 876
499 868
102 1
124 585
984 538
625 984
917 490
298 634
565 282
779 505
484 321
581 957
158 902
397 440
3 759
99 874
336 328
232 265
933 198
912 340
971 814
347 72
638 63
648 94
169 649
702 573
816 928
321 454
484 54
729 62
968 891
588 444
682 969
332 194
965 496
337 860
506 701
471 649
510 881
406 968
472 884
234 895
644 412
60 587
875 597
912 860
820 125
94 382
849 351
92 843
18 98
994 299
632 900
778 568
965 634
711 138
416 873
550 12
681 179
19 436
633 714
460 546
479 326
869 970
374 440
917 872
249 688
586 323
307 286
572 274
3 121
919 63
278 173
64 121
139 617
726 559
292 89
560 761
529 178
348 389
257 791
996 836
396 382
314 979
178 85
758 926
822 379
245 827
495 129
595 765
172 420
564 934
926 709
180 943
676 788
37 862
615 225
873 450
142 519
285 372
191 20
591 328
59 875
850 946
798 146
121 662
860 383
533 79
592 517
797 330
798 61
485 238
751 7
474 81
994 792
613 226
834 753
483 261
109 323
293 524
186 700
444 173
925 87
378 420
820 819
860 524
720 135
756 589
207 891
781 696
716 722
251 15
177 864
108 652
950 549
229 604
169 818
532 461
751 699
691 849
9 776
908 652
588 100
636 888
909 310
92 990
294 874
631 951
975 914
304 758
585 587
212 251
752 244
400 153
218 688
956 998
596 333
814 508
688 264
598 407
821 764
164 209
790 357
69 220
428 136
719 310
757 111
874 461
359 135
700 193
795 867
288 891
552 472
954 340
274 834
671 977
28 885
182 166
609 394
607 643
318 934
779 432
449 821
746 37
193 931
103 352
823 939
845 943
202 947
775 964
926 432
554 720
306 853
992 348
447 572
209 38
816 10
279 906
233 936
680 220
867 619
293 974
702 618
299 53
564 591
815 545
747 691
87 50
896 1
695 435
592 880
539 923
519 225
560 414
542 2
174 257
621 763
145 554
15 390
313 226
47 529
772 658
310 753
95 869
846 551
617 509
601 992
375 21
69 858
568 215
227 2
269 281
472 219
643 532
181 765
866 439
351 173
672 228
122 167
655 485
660 525
597 182
959 563
799 814
415 529
202 174
826 996
390 849
407 109
808 635
598 888
801 546
442 512
773 716
334 530
598 435
505 480
89 737
17 140
511 158
957 272
870 979
887 595
102 425
874 414
984 370
748 507
841 303
418 616
805 844
443 7
316 271
870 930
871 511
289 765
361 370
510 45
662 958
957 754
889 164
451 385
36 237
115 812
266 790
859 701
417 386
385 172
271 394
423 544
738 741
902 282
119 658
689 431
361 206
345 721
716 960
916 130
93 543
702 695
676 926
923 970
820 550
488 199
768 905
313 28
759 595
636 286
543 306
308 225
200 426
593 53
168 728
491 502
981 49
267 588
509 529
816 739
94 145
837 819
330 603
203 219
332 445
740 2
346 737
80 317
243 667
626 454
319 534
86 231
355 327
166 143
351 129
522 703
762 792
65 56
636 817
736 947
402 369
477 811
95 140
578 246
943 434
231 508
910 169
182 768
972 418
477 860
728 208
905 495
190 611
691 58
965 679
508 950
967 345
456 585
213 776
724 434
467 75
965 840
137 645
808 141
44 583
351 581
390 607
835 891
321 530
934 588
519 566
645 759
136 921
654 639
178 268
788 949
594 900
315 109
941 241
652 100
232 733
406 924
323 678
236 937
77 491
974 843
850 173
98 966
410 506
874 39
174 818
435 933
383 571
427 789
510 922
819 971
215 210
931 133
328 942
201 416
704 728
741 294
138 83
973 30
113 569
718 110
901 694
522 317
944 231
655 635
712 131
342 322
289 950
56 935
76 282
77 47
778 18
599 942
746 430
660 18
925 219
237 186
733 725
517 792
419 821
927 637
924 782
394 637
997 179
531 916
881 495
311 964
937 429
574 986
521 63
66 196
412 504
342 889
153 760
635 38
946 391
892 463
160 496
821 965
515 678
58 839
336 252
799 742
758 467
923 10
905 523
321 732
107 175
677 23
145 398
933 509
202 73
809 167
349 230
905 660
467 103
714 236
163 382
258 86
26 42
207 897
286 632
586 34
479 172
921 319
217 882
624 320
738 472
666 109
940 892
614 367
172 278
942 214
581 126
504 446
965 223
224 973
85 900
417 438
858 644
537 105
168 516
741 713
51 957
305 413
806 831
733 885
205 444
775 112
101 251
129 792
573 861
798 34
712 191
307 709
712 689
739 710
194 849
158 300
472 563
238 30
265 42
692 327
981 879
910 293
436 180
972 38
846 635
354 269
924 129
877 95
704 267
883 399
639 677
382 726
494 410
810 187
593 569
903 906
207 521
136 390
209 816
710 400
322 497
382 443
550 41
843 49
628 825
187 565
709 600
715 507
992 580
991 286
996 537
544 225
128 881
984 488
969 372
93 340
352 338
66 748
464 638
785 154
420 395
404 528
775 515
904 632
814 223
407 671
339 61
893 638
819 327
306 270
126 151
769 984
914 593
633 33
462 181
413 591
414 312
326 996
793 36
645 848
704 308
27 537
853 781
572 891
721 599
331 911
614 154
944 498
157 507
567 48
309 288
64 945
789 245
91 25
110 295
517 557
42 719
258 896
215 387
621 617
197 669
168 941
703 903
718 238
837 973
803 629
521 658
664 397
943 449
43 952
996 98
997 873
533 213
420 678
412 322
591 867
337 564
319 876
602 72
566 423
329 740
798 326
800 955
48 944
549 720
646 414
522 664
657 887
605 857
877 212
725 35
18 939
353 472
117 367
208 581
759 918
507 595
127 282
402 932
826 997
151 250
724 296
692 782
843 170
847 533
130 307
531 342
5 593
672 306
417 837
549 20
218 772
41 773
724 14
905 684
966 168
941 326
308 821
421 626
79 106
144 409
935 797
426 831
762 411
927 457
896 563
897 878
770 20
384 327
21 317
166 921
315 433
444 539
908 426
344 671
500 866
746 6
291 265
438 424
276 435
261 417
483 529
229 509
146 995
205 68
872 735
817 322
836 442
105 176
472 717
699 866
793 489
977 4
337 997
122 661
314 447
531 778
569 451
269 964
316 676
503 54
472 922
626 7
264 934
708 545
35 997
808 675
570 590
166 61
494 414
96 985
538 925
377 146
91 606
809 799
393 480
52 803
1 983
734 323
839 984
226 106
43 608
890 197
583 106
360 764
145 16
643 273
244 634
253 756
382 968
992 524
776 285
351 567
814 309
671 596
691 170
78 544
207 82
249 902
897 680
199 528
58 740
125 381
448 931
336 778
788 950
715 638
81 606
671 795
249 736
382 26
586 225
435 823
537 483
426 674
941 1
615 110
121 414
461 712
712 855
922 106
510 296
883 270
422 958
149 94
318 851
93 71
281 334
393 644
177 301
897 20
805 675
917 89
918 898
673 973
552 606
976 890
974 405
208 276
437 682
877 566
417 120
436 780
203 523
419 726
985 621
717 30
840 561
557 501
891 343
194 253
912 944
86 951
696 871
787 400
570 768
973 325
795 621
388 205
869 308
941 999
798 880
694 673
621 502
904 291
490 776
964 687
269 463
882 784
422 183
249 501
249 647
986 786
458 363
739 246
577 247
43 575
545 785
86 371
731 586
861 567
427 454
887 327
84 144
175 59
624 901
715 478
554 848
340 599
913 371
451 796
72 173
143 910
438 522
519 887
904 718
409 304
796 932
457 28
404 637
813 743
984 299
953 796
510 27
314 878
442 283
327 874
575 873
64 281
602 777
642 96
475 465
404 851
989 200
81 971
387 916
980 509
716 811
951 140
590 884
985 830
358 264
486 477
684 408
119 597
547 912
125 228
129 799
457 698
778 164
686 332
410 864
17 798
569 281
477 709
988 725
4 556
632 958
898 459
560 323
778 390
564 395
801 111
677 660
273 726
237 157
40 743
251 342
748 559
983 304
17 713
440 176
938 83
939 310
467 601
308 367
429 749
549 652
551 370
356 546
875 466
402 410
469 269
880 428
516 106
990 929
772 252
9 744
504 944
526 7
583 50
826 25
477 899
504 799
545 543
569 691
19 688
666 317
463 65
382 147
720 449
525 87
729 452
510 55
137 779
656 25
729 629
949 684
945 491
825 414
791 357
850 227
637 745
339 282
31 48
474 767
148 380
429 809
193 929
968 505
494 426
788 332
456 173
699 123
348 331
738 735
957 831
766 177
168 880
249 437
593 793
637 444
584 56
233 942
682 621
186 380
742 793
747 693
388 974
54 319
792 84
612 381
741 95
323 330
731 89
473 377
203 928
595 624
332 4
8 338
856 950
651 770
274 141
720 101
114 460
209 480
23 172
920 726
705 832
834 100
172 643
961 939
47 230
356 907
127 436
866 292
294 773
902 708
905 352
794 932
50 281
160 313
911 702
115 557
661 931
999 977
783 496
152 331
143 593
93 262
616 609
232 950
302 242
909 58
40 61
205 989
978 735
335 110
173 383
377 156
286 620
258 31
330 375
359 165
446 54
867 622
483 933
83 223
672 896
44 274
580 492
980 454
324 34
294 161
505 915
91 326
348 303
332 612
392 593
727 365
450 507
806 836
310 151
349 947
33 306
821 442
824 402
204 396
132 433
295 39
480 940
470 75
327 342
403 126
595 658
483 172
69 939
569 156
950 995
916 695
956 612
85 66
592 154
614 987
43 722
249 329
798 582
342 962
218 596
471 810
256 825
166 284
5 658
968 353
786 393
875 299
838 445
109 623
865 497
169 298
10 878
961 774
175 260
199 642
611 834
560 720
549 152
805 878
331 667
671 885
858 908
710 933
748 360
515 153
384 437
754 985
11 21
223 70
710 820
215 398
879 615
550 909
699 453
485 828
617 716
807 804
686 267
34 316
589 526
573 597
371 37
79 284
559 550
820 742
68 3
567 123
366 872
974 107
423 291
334 202
48 479
451 42
863 849
704 650
410 781
786 756
713 428
533 409
379 205
697 160
702 435
545 468
696 872
241 189
42 422
151 520
189 437
119 180
686 387
696 608
532 325
365 20
208 849
320 443
657 540
385 901
740 439
890 260
929 704
492 40
627 543
294 877
290 80
178 795
643 511
516 119
131 147
333 809
544 104
880 16
244 607
761 371
404 655
277 391
612 342
540 307
687 204
801 857
822 941
226 448
799 407
426 349
130 26
793 842
267 864
688 56
46 414
983 587
443 190
597 529
46 265
230 26
396 712
839 692
461 814
197 292
470 580
624 175
309 714
348 705
370 488
273 348
200 183
592 617
295 312
333 69
560 151
46 602
419 612
629 563
902 115
500 633
764 798
252 234
995 651
521 413
315 932
137 388
887 430
53 24
401 527
113 773
207 983
1000 11
307 997
950 649
330 526
517 890
298 32
959 213
1000 410
928 343
185 370
459 127
227 235
247 244
393 349
622 992
643 573
790 828
999 718
47 205
543 840
160 431
640 633
860 988
717 581
723 760
812 863
602 263
122 363
880 429
183 562
754 458
313 752
302 356
322 638
948 478
740 536
409 354
760 452
912 938
383 40
593 874
541 714
780 262
230 341
946 26
395 992
692 586
473 660
239 745
426 950
634 473
27 765
211 8
605 168
76 954
754 910
371 334
747 984
729 628
659 909
625 699
240 615
168 452
25 125
63 541
16 776
418 916
770 417
370 445
560 853
229 374
945 909
989 348
480 308
633 498
33 676
529 735
68 309
660 263
219 209
826 107
560 179
285 636
341 622
234 510
918 570
135 324
879 83
719 570
371 680
754 267
396 281
114 122
207 939
520 536
523 372
51 266
835 166
599 193
397 639
308 46
626 225
903 271
593 488
260 457
668 478
377 517
503 221
386 611
780 218
759 396
484 702
587 359
844 398
534 116
908 691
446 758
947 943
1 969
221 686
949 355
98 155
264 377
304 774
431 247
882 571
187 595
4 379
508 941
625 283
3 37
888 563
856 17
654 324
294 631
577 329
390 630
799 478
50 203
14 598
642 263
917 655
828 62
595 285
504 26
547 414
883 534
663 492
296 742
978 510
392 997
559 303
852 283
805 302
193 866
68 266
944 488
107 292
14 880
456 492
811 674
498 39
599 579
271 440
352 188
121 625
249 548
842 563
573 673
522 437
673 319
90 915
751 346
133 741
797 670
640 199
803 309
309 36
21 336
54 247
100 511
82 670
212 785
673 769
53 533
879 119
264 842
63 90
616 346
85 510
410 968
158 362
539 359
580 171
259 561
591 720
356 167
268 769
642 825
308 2
401 352
541 44
464 256
48 975
51 288
459 7
959 882
251 185
532 384
739 220
832 426
875 564
337 15
86 341
109 844
422 586
566 861
668 119
887 381
231 505
913 120
400 341
787 931
211 532
724 288
246 158
201 783
222 151
938 620
478 317
401 746
191 920
734 436
2 405
149 664
264 537
687 152
174 69
509 330
18 593
455 932
966 827
600 353
763 767
893 548
250 550
32 733
749 960
620 494
37 580
45 57
767 172
495 873
576 265
758 545
849 207
374 830
603 608
978 599
840 756
306 566
127 594
150 660
43 425
245 116
582 386
234 276
253 24
824 470
591 211
444 945
534 353
607 853
822 161
23 740
854 514
863 848
220 758
993 562
578 960
889 507
615 479
727 225
967 694
203 525
191 36
251 793
967 583
901 989
916 459
649 260
834 792
547 677
471 645
260 498
869 306
156 163
610 674
968 975
207 784
797 166
857 331
87 586
843 808
94 354
520 771
62 156
869 532
122 875
626 267
476 959
882 865
247 817
855 566
17 414
717 561
454 741
134 795
860 632
32 829
736 705
494 773
905 520
193 494
250 233
684 816
60 122
923 188
121 124
842 36
400 95
862 419
844 922
918 497
261 11
293 756
745 695
373 158
675 668
487 426
325 27
61 497
984 732
876 410
254 2
491 956
572 995
358 44
698 520
64 569
854 844
79 52
236 799
898 310
367 455
171 728
858 50
780 822
965 510
533 218
220 299
516 776
223 644
742 224
599 873
915 41
345 526
254 990
662 417
560 103
779 199
284 703
531 614
897 272
369 257
261 153
651 769
691 876
581 576
530 722
403 72
737 60
337 700
535 788
169 907
668 507
762 522
739 813
88 757
952 94
826 635
721 359
869 679
674 951
35 959
330 737
494 596
423 616
441 760
355 142
928 54
603 983
536 571
22 538
95 176
667 339
541 310
66 854
305 566
187 831
255 318
37 119
776 249
463 813
725 58
196 936
821 599
865 463
683 602
880 140
115 649
95 487
460 800
585 937
280 858
691 146
326 339
93 194
312 30
439 506
791 129
409 131
999 226
358 238
790 91
172 358
727 756
286 490
570 704
770 15
534 92
665 227
427 816
653 322
858 756
589 580
954 195
496 833
319 503
686 606
225 463
20 816
665 61
729 902
135 94
401 831
989 460
559 846
85 647
604 165
650 703
418 230
94 879
246 954
618 281
769 265
453 800
475 872
613 2
501 792
449 373
34 809
787 349
492 429
238 57
459 316
960 871
639 919
968 518
111 410
924 881
85 315
498 758
30 772
49 794
543 926
892 300
804 926
877 64
956 885
916 524
539 475
688 739
374 218
365 509
973 766
443 607
435 243
627 839
259 33
515 715
155 240
79 685
325 800
990 18
256 934
400 8
59 269
520 873
334 641
447 866
396 476
434 875
550 645
705 201
348 997
491 187
796 541
102 316
653 132
268 230
533 606
847 717
258 396
443 136
64 323
512 983
629 182
297 707
211 261
768 752
971 987
241 762
846 425
24 352
97 382
144 13
478 813
215 202
897 309
914 997
177 663
936 708
354 797
261 319
125 170
772 973
295 80
336 399
674 59
677 840
849 985
971 615
458 702
78 403
750 385
347 446
540 282
886 705
554 932
322 112
109 408
896 941
276 609
670 337
271 302
611 315
193 118
982 438
714 560
900 109
848 822
854 293
174 654
599 443
123 354
144 941
536 71
300 969
69 493
431 138
311 416
900 387
614 827
652 476
890 51
468 141
550 455
454 365
205 878
140 159
951 737
572 250
373 185
925 786
675 739
37 498
455 935
24 559
301 61
789 737
402 685
611 546
685 343
903 288
82 172
923 622
966 320
35 126
953 743
435 824
263 22
547 155
949 531
382 282
393 649
106 472
417 275
441 149
219 24
876 560
457 643
940 216
18 191
185 9
739 686
491 762
377 881
506 599
877 708
125 831
463 326
792 142
741 149
734 596
142 840
894 589
91 864
220 900
260 499
560 297
450 897
159 827
290 566
186 903
69 798
674 912
365 163
312 849
222 308
259 714
223 5
423 583
183 71
49 802
397 360
164 629
351 225
227 431
946 387
50 332
554 204
187 557
848 929
995 978
99 233
342 607
92 614
255 490
37 35
978 899
211 262
127 133
693 662
830 627
120 726
546 974
178 458
749 641
543 194
349 689
685 409
945 308
269 882
590 558
865 253
519 534
461 714
628 509
639 39
699 370
37 615
205 709
121 462
488 583
770 475
186 146
847 219
885 276
248 663
127 281
983 939
715 893
685 93
284 922
488 869
414 13
272 614
807 462
111 973
774 285
560 137
774 238
103 601
215 99
879 456
573 642
786 726
803 716
81 844
309 27
82 615
817 536
241 206
133 990
263 591
359 826
927 740
159 654
670 573
592 951
226 749
670 286
947 695
469 71
604 518
699 762
761 721
127 363
834 31
485 685
713 906
23 763
649 146
908 649
17 488
312 732
92 911
635 454
433 632
904 796
772 255
496 472
580 928
585 314
653 812
430 415
912 490
166 437
867 264
745 880
145 499
675 605
468 197
126 441
865 319
24 841
353 3
342 260
503 861
548 471
54 549
398 731
633 948
616 806
44 775
149 832
421 555
79 3
942 135
358 126
876 511
1 329
441 53
278 799
615 34
232 537
304 134
90 667
148 383
262 259
154 904
673 680
447 269
3 677
817 201
253 479
953 505
826 105
692 940
544 810
797 696
968 218
90 223
881 760
955 549
760 715
638 684
169 707
750 518
994 936
761 915
99 276
427 285
1000 105
565 991
958 861
274 136
293 700
186 972
320 630
213 501
352 839
394 640
903 521
96 928
65 87
838 682
645 218
388 309
231 471
123 310
786 416
700 702
39 972
596 511
687 928
464 866
13 241
416 517
791 966
500 315
874 468
831 988
809 227
79 961
460 837
154 40
671 525
374 647
781 125
407 656
460 980
448 943
508 764
126 183
496 896
903 319
944 692
193 864
756 185
495 855
405 59
673 731
965 147
824 857
181 420
457 900
132 888
998 37
304 49
548 284
988 971
516 818
205 495
280 58
964 108
475 937
594 481
82 882
280 216
431 627
379 290
492 515
347 256
756 748
635 981
873 840
176 424
730 963
742 538
48 626
652 921
673 466
134 603
865 842
719 88
317 443
545 152
435 48
365 335
133 345
62 369
653 658
236 60
678 47
91 707
368 76
89 874
522 523
669 680
714 787
622 760
771 360
274 688
131 201
762 7
202 94
22 813
500 287
529 63
716 68
643 51
477 121
466 490
749 557
213 538
370 981
365 804
559 348
589 809
420 350
738 305
866 762
742 265
27 596
837 43
340 533
414 372
475 358
681 567
813 50
138 378
374 828
379 642
92 229
837 382
353 759
559 547
263 166
121 531
820 737
305 372
218 695
737 361
974 110
805 266
903 86
337 27
638 955
15 694
626 611
736 15
256 15
864 852
119 482
814 582
926 28
450 333
656 544
661 209
938 438
59 547
531 701
254 642
333 273
13 659
142 841
199 360
972 936
310 515
332 79
43 460
214 111
803 926
146 391
20 412
333 768
498 946
302 514
907 940
144 748
40 557
715 21
66 193
32 81
217 91
806 13
165 155
866 376
353 427
100 928
356 522
231 398
131 148
620 446
164 340
790 480
577 21
619 894
434 114
507 652
184 72
884 618
201 837
925 836
8 948
382 891
170 871
871 429
818 59
37 405
650 960
427 569
230 398
72 824
20 568
224 83
150 335
15 839
767 834
969 159
474 743
37 759
847 218
281 189
219 857
115 152
667 753
301 851
711 988
488 870
675 218
713 275
187 736
756 407
299 190
871 966
34 33
676 752
254 988
534 754
210 414
346 110
132 485
557 324
775 269
816 834
375 233
102 611
693 132
861 39
419 839
39 22
209 367
33 217
218 215
881 317
274 165
945 471
318 42
755 405
995 130
423 917
744 898
881 31
97 744
85 481
364 962
231 13
187 987
494 709
479 275
344 46
762 972
729 189
416 762
829 984
347 978
408 698
283 330
909 18
507 680
330 163
439 327
973 907
118 770
858 157
662 805
455 985
761 110
547 487
268 252
269 661
849 681
76 949
718 636
520 941
391 134
840 458
803 222
267 339
533 937
602 352
172 503
359 169
432 76
197 30
742 522
129 44
239 313
385 90
542 584
229 371
654 858
270 783
665 3
349 570
202 356
318 650
229 85
46 629
485 187
552 538
169 698
59 762
461 130
445 541
234 524
684 765
179 585
668 571
600 949
342 510
792 199
756 568
82 987
749 220
964 461
358 884
731 458
218 171
797 208
664 257
830 402
958 167
687 623
801 248
114 347
42 12
596 683
333 571
65 165
321 83
485 704
345 85
769 971
184 341
204 808
421 855
374 216
434 293
189 77
585 664
913 145
40 771
256 960
97 982
154 279
28 863
639 442
162 810
607 152
349 184
386 930
403 768
317 858
925 923
654 331
16 427
827 917
424 128
830 520
743 345
728 974
377 160
729 443
933 681
897 583
884 721
261 1000
837 165
219 626
550 522
292 238
135 848
728 748
235 492
55 25
760 189
686 165
48 201
410 480
859 757
785 564
534 489
577 906
153 759
871 808
721 711
537 121
216 953
875 570
698 81
989 558
230 967
36 639
833 978
967 719
591 447
760 889
546 12
164 927
253 20
223 508
24 222
902 292
160 814
897 463
643 344
928 291
576 945
40 675
562 792
100 175
427 393
88 687
507 167
773 86
479 344
995 218
549 767
201 577
57 122
203 63
577 238
333 944
139 791
13 818
251 299
786 114
645 317
743 526
503 625
455 754
147 581
300 689
361 933
303 846
896 936
288 509
217 393
114 771
279 58
960 47
93 636
280 556
297 498
390 593
429 245
278 465
529 207
344 947
940 219
754 834
893 58
709 462
213 671
215 18
606 862
420 351
495 773
386 347
785 391
736 211
609 91
314 937
187 173
7 510
270 852
825 547
515 443
183 217
149 89
567 119
587 813
984 831
676 733
91 471
73 608
238 298
152 81
165 479
909 48
169 754
737 758
321 479
194 839
391 547
747 881
824 434
842 903
717 25
555 322
811 220
189 576
25 743
582 845
165 471
534 928
204 3
995 280
208 966
149 651
310 691
482 300
545 202
213 428
86 170
215 626
505 442
230 30
320 302
29 458
403 749
387 144
406 668
541 303
675 837
341 441
161 547
182 887
143 759
737 524
758 442
333 805
523 893
105 926
363 174
312 544
667 406
905 525
653 919
781 162
396 128
754 644
629 296
253 808
192 316
897 542
5 805
83 445
379 978
335 210
586 44
823 265
145 674
940 747
667 805
337 442
687 302
250 569
736 256
183 31
443 178
174 326
654 716
659 994
983 661
904 548
172 419
465 431
525 353
49 168
585 462
76 711
90 458
388 731
454 603
766 158
824 641
989 485
516 779
261 484
747 575
270 594
214 45
272 759
882 282
555 384
793 315
704 252
349 872
940 333
63 14
817 542
565 840
953 46
77 862
578 709
996 116
722 720
699 655
829 564
316 617
929 902
714 660
717 799
683 147
976 423
282 728
312 879
561 403
230 781
433 749
765 996
236 246
678 997
131 354
792 680
140 492
568 399
821 547
58 869
4 131
500 434
321 769
89 285
520 225
234 979
690 274
227 683
284 173
782 801
362 462
36 899
460 803
120 756
163 256
625 605
917 631
975 161
889 32
628 763
184 980
790 739
28 733
413 585
299 533
785 446
442 853
879 554
757 394
7 433
933 427
482 696
270 925
415 156
77 429
405 150
244 482
135 13
727 471
435 995
681 927
409 764
478 80
413 796
660 259
334 174
613 301
450 259
414 254
487 796
825 821
424 482
775 227
779 228
343 189
772 635
384 812
833 627
261 250
765 324
53 120
237 235
494 170
333 728
116 664
363 669
347 452
406 907
321 161
437 763
317 138
943 321
670 395
506 857
471 940
221 569
562 599
728 403
492 108
909 339
842 651
1 894
517 286
667 417
406 311
579 749
16 285
416 519
541 569
980 15
636 633
754 716
871 359
84 939
808 39
64 471
600 137
712 579
151 56
718 601
371 302
776 724
889 173
317 684
307 665
129 414
516 542
64 757
618 164
926 757
656 393
988 86
202 591
576 336
357 161
728 523
452 139
642 839
745 10
42 907
868 563
615 294
488 191
698 94
2 601
724 686
945 655
674 455
661 929
470 866
312 380
145 217
869 56
254 580
556 950
538 601
293 717
542 496
32 361
526 335
703 135
725 699
321 141
837 615
801 155
791 544
705 807
173 777
28 12
375 359
857 156
195 517
951 830
240 170
402 217
518 683
541 330
570 682
57 597
26 396
423 642
942 662
269 24
957 107
154 360
389 655
330 313
268 464
291 945
352 673
620 122
861 864
878 808
883 728
760 568
794 171
264 829
361 710
918 88
853 637
693 968
932 108
19 973
993 138
567 964
201 335
24 720
21 612
157 524
305 281
527 757
836 230
51 934
513 141
508 343
570 470
418 75
291 299
129 132
662 302
137 689
432 883
94 923
718 113
850 857
997 6
57 475
384 869
581 177
247 344
484 62
565 883
768 27
18 406
557 680
240 486
648 609
647 365
81 318
939 929
877 850
914 356
255 962
716 336
403 417
775 457
326 980
185 345
973 464
541 30
247 239
511 650
304 996
599 491
189 366
813 797
433 593
565 344
804 544
772 6
544 109
981 136
840 788
514 589
672 310
61 186
247 595
602 590
735 814
884 628
575 945
373 233
670 927
196 598
982 165
509 505
985 474
852 121
819 368
508 495
511 300
352 427
443 68
228 726
409 84
433 110
987 515
371 230
972 240
448 621
712 746
909 944
619 662
854 832
525 352
631 45
220 432
93 702
426 531
372 363
607 804
289 777
660 360
609 320
774 272
208 359
296 154
546 339
711 879
270 595
592 765
722 368
68 770
52 399
950 352
641 505
6 456
713 951
897 389
556 894
682 429
617 265
507 241
199 223
695 762
459 114
755 938
317 368
501 467
782 234
34 233
184 187
38 42
956 553
242 465
597 297
708 758
964 792
769 798
22 542
498 694
192 885
50 367
711 102
420 845
247 902
741 868
347 980
995 832
135 571
175 330
768 985
606 106
97 170
739 327
481 75
230 334
311 11
567 581
89 574
734 206
365 857
701 799
575 826
282 447
799 374
585 830
876 363
475 386
865 30
23 868
50 770
624 355
73 483
295 612
225 296
12 330
149 531
920 467
140 742
570 287
879 267
827 420
43 501
119 646
279 813
840 57
859 887
806 850
897 86
702 643
669 458
707 811
410 735
820 586
877 615
676 534
3 836
100 448
375 862
68 870
417 58
76 345
313 121
146 657
985 687
734 786
650 100
385 693
703 29
580 851
859 307
38 884
518 418
904 274
133 64
82 872
891 130
606 38
69 834
749 224
472 820
327 398
347 628
280 273
319 762
88 836
506 479
967 190
439 389
773 897
652 726
504 756
212 301
674 582
35 812
142 208
435 70
272 918
716 205
420 786
358 912
788 802
654 47
985 148
697 520
628 868
170 648
104 96
726 653
141 57
568 283
36 849
273 129
495 668
296 62
938 629
776 360
926 830
672 329
571 573
37 329
540 368
706 616
588 580
405 358
903 427
934 683
22 465
906 620
139 259
196 332
569 814
510 164
974 887
871 213
429 450
236 972
497 596
187 240
542 938
943 681
987 361
509 997
715 774
899 755
615 289
410 640
333 8
335 718
763 685
582 581
627 92
704 723
445 575
29 928
821 388
237 829
661 299
600 915
117 776
850 551
968 312
141 450
290 558
968 642
803 884
386 576
339 608
394 675
879 234
109 182
331 196
773 997
795 853
159 945
319 623
947 910
458 193
978 776
958 306
652 585
857 957
964 999
179 169
715 43
734 469
292 328
123 580
142 462
218 880
457 408
865 880
207 236
94 322
610 33
371 495
754 698
69 156
519 558
64 308
282 503
46 388
837 135
128 529
567 220
628 316
460 770
623 478
362 72
920 412
206 249
360 540
318 919
335 799
183 215
619 352
965 372
680 508
42 989
494 550
979 808
998 196
432 229
50 556
399 483
609 315
721 801
208 267
66 889
431 931
587 777
773 500
650 65
967 578
308 205
85 768
920 967
13 656
512 17
87 355
768 139
9 668
661 432
756 626
151 518
483 206
377 599
32 374
513 761
678 797
635 208
337 629
489 192
161 711
180 165
237 468
791 583
175 901
908 737
891 59
484 627
820 501
969 917
217 88
401 97
863 49
810 207
739 255
763 229
857 104
455 323
813 941
207 418
130 656
943 94
692 862
160 359
14 326
87 788
326 52
499 608
580 991
285 463
921 485
792 923
854 10
374 339
706 351
914 466
936 38
990 377
387 366
170 866
444 261
62 684
984 306
378 513
514 287
384 504
883 548
75 547
774 725
558 204
651 410
121 353
837 123
141 436
552 485
684 738
426 766
524 123
746 935
15 832
126 93
163 213
37 756
428 55
28 921
158 856
451 238
324 96
571 33
385 236
578 799
480 302
841 811
106 953
129 231
711 878
287 658
377 854
243 366
797 321
696 556
722 256
171 10
817 540
161 16
109 314
937 727
260 332
43 84
564 402
838 785
655 837
379 92
990 620
775 381
846 976
173 942
264 677
302 690
592 58
810 560
646 283
248 768
601 828
296 406
139 960
47 203
822 898
142 245
623 516
769 797
478 77
522 639
942 604
672 64
47 299
529 216
962 521
960 331
779 769
688 986
13 201
164 331
420 221
792 840
886 120
870 605
484 906
503 680
343 823
184 760
406 229
151 460
905 696
688 316
54 569
6 700
667 146
425 515
806 459
503 974
866 718
961 738
49 488
585 142
624 356
897 794
383 645
558 91
432 79
146 328
419 347
183 146
521 999
188 516
59 847
555 44
713 163
987 268
95 895
777 734
116 806
335 580
48 533
964 116
358 303
641 63
290 71
474 280
918 589
298 714
831 484
155 847
561 192
284 617
752 897
684 531
561 849
543 519
573 994
574 553
961 296
171 118
190 42
311 114
713 767
683 173
935 104
612 459
321 310
123 142
711 513
731 463
955 775
298 14
373 586
392 71
70 538
130 967
224 113
389 870
506 476
517 122
995 48
578 120
320 490
52 855
1 963
644 115
97 634
726 38
657 248
765 887
734 510
956 812
558 584
899 350
445 273
891 705
89 383
974 161
204 664
743 453
853 261
508 794
698 710
550 303
454 464
559 471
304 489
190 862
966 447
698 681
487 711
631 545
27 735
853 615
893 538
529 881
8 23
482 747
362 85
1 169
475 286
224 30
154 889
915 646
309 667
275 551
257 112
224 909
954 149
832 716
715 227
524 146
873 496
763 932
823 902
404 831
609 286
353 428
690 633
765 147
208 617
979 621
567 306
806 718
453 894
609 760
367 216
385 298
613 475
806 601
458 699
907 678
68 746
397 524
364 577
683 63
705 539
584 648
752 538
364 720
57 776
868 399
61 720
251 206
995 223
891 30
99 903
378 199
621 393
382 647
978 886
134 678
195 916
913 225
255 364
96 281
274 285
630 360
5 667
92 927
623 685
723 551
834 404
32 902
676 471
933 448
524 739
41 873
44 568
193 550
12 94
766 677
953 776
511 266
3 293
386 167
280 606
98 765
45 930
192 378
432 297
984 710
88 443
788 958
784 173
110 683
771 953
991 786
79 372
465 320
709 237
346 453
667 745
686 311
564 891
930 108
286 193
180 588
417 278
948 627
291 301
132 751
232 371
432 885
110 372
383 768
189 891
409 555
980 822
621 920
214 278
57 473
510 669
369 287
25 635
212 819
301 220
414 839
552 868
740 201
464 452
837 909
825 77
688 499
543 575
947 606
124 229
147 934
246 304
696 77
495 538
184 161
701 452
593 699
913 316
143 323
75 9
851 644
60 419
298 504
463 934
563 268
941 610
739 79
207 429
818 834
106 560
734 438
296 104
235 109
307 360
663 100
955 663
173 303
31 913
992 506
490 437
697 801
420 408
166 620
81 656
832 72
671 705
799 412
432 326
585 768
644 655
666 451
49 451
231 991
912 79
715 530
555 825
480 449
390 338
126 66
145 961
555 854
684 370
45 168
928 458
139 47
858 653
710 666
789 446
450 910
426 529
69 34
67 257
87 455
181 265
733 844
807 453
475 100
24 460
445 644
870 431
673 993
410 761
358 659
90 853
759 282
718 83
920 6
27 913
530 701
323 201
561 808
590 137
459 441
764 132
459 278
143 729
557 465
239 445
692 328
623 176
26 782
212 565
284 458
178 581
886 934
199 217
40 638
353 754
144 716
401 179
661 693
386 521
424 364
47 202
692 29
605 844
71 48
551 362
899 636
459 850
78 904
247 787
397 24
805 491
457 373
85 168
550 433
883 884
425 864
851 129
544 250
321 695
223 312
269 943
662 846
849 981
690 191
658 929
131 803
903 577
616 811
36 209
927 335
197 46
628 710
614 433
545 847
945 164
249 823
31 171
487 341
37 518
684 711
192 802
652 37
818 317
439 775
98 903
63 619
218 401
309 311
625 926
989 341
367 481
894 498
508 153
492 886
312 500
2 624
243 220
579 342
565 663
358 703
755 57
8 207
644 114
685 862
462 745
907 300
293 581
150 794
372 670
928 428
933 693
508 741
994 933
978 186
460 73
885 984
959 97
599 222
565 986
252 491
215 721
402 974
935 248
718 738
783 4
911 115
860 665
113 4
494 395
702 172
552 410
359 338
620 467
873 514
892 298
89 51
810 332
773 911
649 177
601 30
191 574
145 146
402 259
912 444
17 88
454 55
862 176
75 174
61 143
297 265
482 791
466 368
231 176
453 118
239 677
810 585
44 597
573 822
505 351
913 832
533 759
75 541
445 727
412 876
715 589
16 194
686 62
923 408
67 554
84 660
177 94
345 908
287 17
110 652
606 753
37 570
64 712
232 634
598 885
693 659
684 869
770 412
646 747
599 713
11 32
339 431
751 498
733 771
606 531
662 257
756 420
629 978
831 394
558 342
599 702
124 286
965 432
548 360
399 318
96 295
944 245
945 652
357 481
864 828
719 630
214 362
229 811
708 229
466 760
566 207
553 828
125 773
981 630
700 346
262 812
393 83
46 887
964 414
930 282
125 902
588 482
327 334
711 685
419 771
722 600
206 633
764 35
20 389
518 396
232 357
218 66
706 228
669 16
375 499
947 754
910 490
969 878
911 87
274 120
97 699
748 406
264 62
800 976
179 397
293 445
991 42
39 649
5 160
302 453
85 59
637 170
17 427
810 376
316 225
145 15
537 829
311 446
863 253
442 699
782 877
413 741
278 59
941 768
399 125
644 886
149 560
672 343
892 754
514 390
309 826
571 603
764 246
586 52
589 851
71 572
884 817
331 659
170 799
965 80
252 450
348 118
799 217
233 274
395 15
713 24
254 120
480 405
691 264
727 555
290 170
898 301
480 260
797 601
675 37
512 785
200 131
537 4
404 21
262 95
870 384
389 253
802 160
505 800
803 329
219 30
996 382
134 37
318 326
988 714
81 418
691 793
327 669
350 582
351 299
501 730
446 117
177 992
507 121
769 740
193 989
170 123
544 676
707 400
69 887
512 130
973 461
26 858
569 192
311 847
442 906
540 839
635 240
765 988
235 689
731 724
787 230
256 878
479 314
541 299
122 229
568 503
145 90
62 481
531 346
145 491
398 935
903 702
61 183
100 643
359 438
753 751
421 735
79 791
218 965
235 138
419 67
34 499
10 620
438 220
738 494
23 946
979 1000
687 411
965 197
197 875
982 502
278 740
357 149
246 487
510 333
171 721
542 992
928 820
584 182
989 481
77 231
725 843
797 686
245 913
29 836
67 401
305 484
436 890
239 119
205 3
778 173
906 102
263 423
674 10
732 308
578 686
536 70
728 300
189 608
137 29
216 514
908 762
129 673
479 235
1000 386
484 819
303 345
434 472
327 423
682 178
555 64
80 352
708 610
215 530
825 330
795 878
735 107
282 599
320 270
728 443
863 166
451 738
155 8
986 585
506 152
714 965
1 790
473 849
865 599
937 34
919 374
614 874
960 333
84 189
50 509
737 669
258 238
459 691
633 860
300 629
670 706
948 597
331 637
957 257
875 120
876 215
889 744
787 702
576 59
584 207
723 828
939 907
213 738
641 625
866 716
135 875
980 324
177 49
1 323
999 792
353 848
301 144
174 358
430 972
949 548
144 341
988 78
513 345
663 535
870 505
998 130
158 965
675 253
510 504
655 532
467 960
506 550
555 369
835 1
147 3
129 540
354 453
725 562
851 875
946 769
48 588
40 716
310 716
389 211
835 319
178 614
360 861
397 712
626 104
772 276
683 243
612 43
26 658
164 548
476 758
574 107
544 458
66 770
104 465
13 777
622 887
773 268
952 863
477 732
44 929
260 870
961 23
529 299
458 59
576 970
465 781
389 663
528 621
781 149
136 553
17 232
605 360
535 362
909 49
370 789
518 783
151 466
580 672
362 177
143 894
316 258
689 792
102 311
528 410
712 583
736 349
154 212
83 230
391 225
505 696
760 102
839 743
254 93
148 426
315 459
758 989
379 764
567 249
236 975
55 389
422 904
404 131
41 719
148 545
210 174
58 10
242 799
243 10
996 500
998 174
581 862
492 284
513 214
661 86
665 403
704 679
815 897
651 96
910 943
567 779
141 958
309 44
459 499
668 741
156 433
715 540
593 34
99 681
315 996
651 846
394 672
303 416
160 146
712 479
94 511
555 123
114 489
960 969
119 88
449 116
964 701
14 220
217 976
949 271
243 868
687 767
523 630
703 200
368 499
386 718
739 196
964 671
62 192
669 817
446 666
551 301
956 835
334 859
83 729
523 852
174 768
216 54
353 355
887 746
134 966
429 974
359 397
16 381
255 76
457 413
629 351
848 730
724 453
49 763
675 539
508 824
554 900
349 8
315 152
796 169
158 566
939 901
418 643
735 724
919 416
317 603
174 188
306 460
325 432
914 832
495 768
336 919
637 567
490 128
897 832
737 129
259 645
586 870
208 480
595 140
408 34
493 293
538 884
506 892
729 967
316 813
860 367
812 874
264 877
106 466
335 687
232 132
923 873
362 523
381 317
772 936
385 464
168 748
797 491
854 950
191 189
862 933
35 751
952 475
665 495
365 122
111 362
919 681
995 287
337 729
303 324
674 824
432 161
761 830
616 87
851 912
639 805
964 657
142 109
180 160
143 476
420 631
368 384
612 227
61 867
52 922
660 601
379 471
459 936
377 295
753 908
37 91
424 400
868 427
283 503
553 404
845 908
862 137
238 679
705 210
689 757
286 74
692 968
16 345
569 686
201 979
538 498
908 800
710 220
737 850
25 334
888 738
597 710
301 393
639 95
179 243
478 547
983 578
140 920
681 644
221 195
665 579
520 518
228 673
101 445
753 133
909 940
417 470
272 447
300 290
699 504
229 132
478 861
279 660
798 508
641 423
823 91
550 817
148 209
771 506
280 969
929 492
451 96
180 546
448 24
275 718
974 76
246 807
401 740
58 181
793 318
336 447
929 206
403 227
78 419
446 135
285 40
293 560
996 250
833 539
560 381
963 904
661 465
989 932
282 690
907 625
179 294
180 21
623 291
920 708
904 201
251 136
968 752
308 369
325 124
796 478
910 82
311 707
352 912
93 240
75 589
565 440
566 867
39 20
643 450
37 127
113 457
155 236
853 509
499 649
914 275
143 583
221 355
947 330
155 157
429 790
361 608
88 168
804 294
877 408
715 325
843 264
421 754
539 51
47 264
764 724
624 185
697 835
996 925
248 157
728 871
802 690
954 489
112 508
314 776
97 392
890 324
279 474
214 961
418 826
168 461
249 678
710 885
141 550
687 276
497 684
370 434
68 61
396 628
571 78
384 148
628 21
48 1
30 241
234 340
682 704
366 809
917 167
465 168
618 510
970 824
1000 147
669 375
262 951
691 803
746 346
506 551
185 334
217 680
232 736
522 75
744 183
873 853
204 497
134 268
323 453
997 471
993 172
30 18
465 825
344 323
18 252
476 832
277 913
851 58
26 556
356 490
506 475
85 37
236 215
308 708
192 853
915 928
970 332
916 874
406 456
979 502
942 750
397 139
456 601
610 166
224 469
361 429
619 828
66 596
106 921
896 881
146 431
255 56
849 823
727 553
505 349
54 536
438 891
296 832
694 151
966 461
554 707
149 60
25 439
905 955
233 308
220 86
58 297
82 83
634 740
871 209
413 985
626 660
736 188
202 584
756 55
56 647
872 556
484 338
548 283
896 300
556 254
793 212
945 817
285 304
698 91
849 157
428 280
391 676
52 476
534 700
497 827
993 670
608 307
275 484
649 279
647 260
182 891
337 867
48 666
341 875
17 621
695 536
989 891
172 571
321 279
801 45
214 90
345 153
398 397
868 195
212 409
963 721
892 217
734 556
627 193
388 498
248 827
375 354
936 762
195 520
490 920
290 780
682 26
351 245
544 471
799 865
433 552
328 768
972 327
777 375
227 264
356 748
819 204
365 618
972 470
835 854
986 726
787 539
112 215
538 415
550 334
40 3
343 61
832 111
279 316
282 64
197 83
201 16
257 774
649 760
571 788
844 845
98 619
102 163
183 166
379 667
767 804
291 321
129 110
737 241
665 76
371 47
424 248
998 248
656 377
984 918
219 227
571 118
609 319
427 926
858 470
784 477
949 829
298 641
134 27
284 684
159 636
76 270
39 154
107 99
450 247
661 561
694 933
509 600
298 931
150 960
228 32
138 776
711 565
695 636
679 91
294 191
811 99
461 422
319 856
268 990
75 300
424 740
428 832
622 978
34 587
796 507
445 3
283 168
670 452
559 620
769 821
957 168
777 258
869 620
946 443
505 217
969 618
278 27
792 705
503 595
539 830
148 952
41 168
866 834
478 375
246 243
676 502
344 887
718 841
168 37
465 997
980 76
528 709
505 420
67 897
795 369
84 1000
286 612
676 212
723 218
663 446
315 20
758 888
67 599
672 595
37 623
15 844
785 613
382 431
258 767
405 124
67 373
395 442
953 628
450 390
92 507
551 620
243 197
405 862
669 481
732 881
262 638
113 721
993 597
333 460
956 364
945 714
16 738
258 803
462 515
360 69
781 745
17 932
904 492
12 519
885 961
509 227
302 839
599 55
692 331
146 479
470 393
535 815
459 152
665 533
423 829
541 122
959 223
119 146
948 86
89 171
414 576
111 510
9 938
748 945
456 22
470 363
915 458
446 704
393 632
912 708
251 376
385 14
680 544
610 929
294 788
799 825
670 691
710 396
261 755
895 896
476 562
458 5
289 473
605 979
875 348
412 758
709 733
531 489
790 374
204 711
558 786
960 109
524 678
581 403
265 861
361 752
897 636
844 951
538 326
47 823
286 576
845 751
348 905
314 777
414 292
549 471
935 962
828 370
791 382
704 256
656 419
430 978
197 845
864 70
242 614
623 391
337 186
319 510
67 337
908 265
638 24
676 829
277 830
399 438
253 111
93 669
370 258
262 138
48 2
357 24
985 871
802 887
975 317
271 744
203 750
239 36
918 577
78 226
908 242
788 437
556 57
777 956
962 480
768 41
238 87
111 207
739 750
916 906
180 468
808 917
94 630
890 753
281 847
639 926
711 509
218 178
181 814
83 880
848 180
317 431
943 335
269 268
203 8
691 271
94 178
227 495
636 913
620 366
565 411
308 628
883 932
972 435
544 170
658 222
435 363
114 790
758 23
230 668
675 609
128 43
173 372
672 701
156 582
970 958
760 486
334 313
512 817
123 778
605 130
698 548
861 56
666 6
775 744
248 41
217 538
174 273
569 817
641 716
201 341
646 607
225 335
48 192
763 971
769 160
552 304
384 194
718 381
19 630
119 609
279 844
175 911
54 244
863 870
439 522
119 534
121 857
103 665
363 960
822 201
54 359
646 923
133 892
25 611
