805 1034
674 48
715 554
112 360
243 572
41 474
731 267
248 252
622 206
230 162
666 651
281 748
72 92
200 145
625 624
541 739
315 155
49 306
767 651
173 556
154 622
218 1
515 480
312 70
730 756
367 501
699 106
20 75
353 705
277 766
412 686
249 270
759 199
408 573
235 7
680 32
759 106
53 155
653 273
391 411
543 302
509 138
624 632
503 471
3 40
655 294
152 589
412 571
20 684
278 238
631 530
643 216
158 698
481 87
250 279
577 782
214 197
633 250
378 606
353 6
726 712
14 203
197 700
739 785
379 690
193 756
463 237
120 446
779 59
130 70
770 563
665 10
125 264
544 339
252 521
686 183
180 573
357 409
756 103
189 621
406 162
428 287
396 728
340 337
74 410
452 192
629 462
544 342
206 433
677 543
320 280
325 166
493 764
712 352
283 563
576 551
227 411
697 91
355 220
362 308
752 431
314 563
444 614
126 518
540 357
597 313
349 540
380 612
781 77
62 469
131 653
52 277
203 796
168 608
186 771
694 121
78 781
765 43
774 355
111 587
540 47
580 729
91 523
722 169
45 757
631 473
547 729
116 409
791 618
309 763
534 396
794 605
379 428
669 672
287 625
187 487
605 780
611 211
160 511
467 288
632 437
733 48
415 331
573 423
574 271
67 438
678 43
232 224
625 469
671 216
177 660
173 424
689 343
737 317
37 2
716 695
524 373
91 144
386 550
395 299
726 237
452 296
388 326
70 513
432 599
112 722
418 544
797 652
227 238
171 792
513 544
375 109
2 324
705 52
732 4
518 103
789 384
320 566
772 5
409 614
697 714
768 45
284 214
267 182
399 671
17 610
436 393
440 738
481 427
203 242
509 90
147 382
194 26
594 663
149 25
149 16
539 795
384 436
303 190
735 336
643 437
669 311
144 762
671 245
501 120
440 532
384 448
804 134
169 39
157 393
716 153
108 518
120 564
64 690
482 791
575 155
476 148
372 402
751 16
294 44
171 537
670 743
31 202
391 20
613 713
504 765
133 304
52 515
692 248
140 653
428 378
209 75
201 393
382 619
699 708
329 478
514 335
316 193
607 320
228 64
153 797
755 466
381 295
158 303
470 13
636 594
136 121
389 498
526 24
67 232
708 469
478 382
6 578
468 392
493 190
756 217
164 500
80 434
185 508
230 360
469 532
569 369
452 228
581 528
605 371
453 230
271 478
548 420
206 711
509 213
725 557
211 760
84 618
459 726
414 63
799 190
143 421
731 694
522 372
611 152
286 140
30 194
42 356
255 146
473 446
84 468
490 78
375 653
107 803
625 24
349 343
554 20
765 3
521 557
799 542
342 437
380 22
630 792
640 603
30 578
446 119
19 675
491 189
237 390
532 117
750 326
544 478
66 731
578 181
311 551
227 674
121 478
649 577
805 80
460 570
23 726
642 555
690 36
100 304
407 579
35 594
686 84
106 413
692 320
314 524
535 255
2 401
612 476
255 521
67 266
114 174
439 404
615 115
776 115
658 230
677 90
544 586
616 711
478 692
656 174
527 677
229 34
661 749
548 630
161 194
690 352
497 6
405 272
15 217
98 542
219 147
293 755
367 11
179 780
595 675
492 555
549 225
39 182
501 455
172 681
548 414
673 720
792 649
174 674
55 74
79 789
67 84
764 175
401 372
603 586
437 106
162 396
727 198
666 637
11 397
621 566
297 128
435 499
220 562
625 512
215 477
253 778
558 204
802 737
629 223
572 238
594 626
770 175
63 355
736 3
312 447
733 177
131 721
152 305
221 563
203 700
658 804
804 219
118 659
607 141
209 421
219 363
478 244
71 337
383 725
421 445
316 536
626 672
140 47
657 339
530 503
406 88
616 787
275 154
687 457
780 486
645 19
720 697
729 779
409 334
223 471
387 166
313 222
388 596
58 275
637 401
582 169
214 450
245 566
113 733
436 318
48 540
453 601
231 638
2 675
645 309
523 686
176 625
296 123
669 432
226 540
708 648
308 161
349 341
593 788
754 378
326 500
701 780
241 566
198 24
616 359
675 93
549 662
756 143
246 191
459 365
778 703
710 445
54 152
330 689
93 673
629 161
320 211
88 188
348 137
60 387
286 362
174 64
298 385
494 803
121 648
777 135
634 691
198 600
245 601
122 757
727 485
511 392
245 409
747 309
782 269
416 352
41 542
200 666
645 361
556 27
541 442
788 512
110 315
472 131
585 715
482 495
570 784
603 477
168 687
790 387
683 400
135 469
620 377
767 526
290 414
716 645
109 561
306 349
546 582
702 125
421 576
758 330
3 334
575 523
33 587
94 213
461 657
158 163
194 744
19 642
755 686
126 451
56 760
71 191
579 774
34 418
467 544
656 499
204 90
89 713
434 224
229 64
332 650
313 783
219 787
140 691
804 560
380 213
464 118
457 561
783 164
311 70
180 622
173 307
94 609
20 268
596 408
503 610
233 604
741 57
28 762
341 608
119 641
731 127
719 421
421 290
390 208
722 289
595 169
70 646
98 703
267 796
245 316
761 313
552 660
803 287
354 77
74 158
372 713
26 772
15 370
659 700
627 458
474 621
570 697
510 422
578 510
131 278
616 407
345 357
68 503
456 532
257 136
15 253
751 711
540 731
610 98
329 24
241 238
405 636
241 101
341 495
152 137
386 479
98 555
103 205
610 125
690 305
292 688
410 679
283 42
768 16
394 123
556 30
511 793
344 746
465 463
428 213
546 464
412 191
779 100
49 672
528 72
371 366
12 410
47 411
798 776
767 490
542 133
66 143
180 559
756 431
292 353
141 565
490 233
253 141
374 84
605 284
289 444
96 185
302 71
267 566
163 560
347 324
470 424
338 698
657 119
556 745
192 540
694 317
314 472
341 181
469 9
466 751
538 224
492 327
140 600
8 617
209 690
173 487
731 363
526 405
127 249
770 15
102 332
532 68
530 523
296 666
420 438
45 694
783 461
738 348
767 297
655 41
356 750
149 616
53 515
596 522
44 191
275 297
63 56
555 117
630 156
44 791
489 595
167 482
265 487
349 572
15 728
287 583
101 139
161 26
65 720
231 109
414 104
703 282
341 190
266 760
353 316
369 378
345 739
610 59
511 577
739 750
158 482
425 302
427 574
561 167
22 92
761 167
186 479
21 585
596 444
93 578
739 71
24 267
83 161
455 540
348 294
65 532
282 18
397 257
458 69
13 418
502 728
540 139
49 231
588 774
470 142
784 283
355 133
68 67
533 299
79 371
550 398
117 412
576 417
618 8
219 62
436 2
253 724
309 541
552 543
676 304
717 774
771 45
82 51
150 359
706 738
685 34
139 242
773 563
397 77
407 723
65 662
252 272
80 678
628 254
692 235
717 422
770 246
378 587
292 150
770 79
397 725
318 120
235 678
507 523
488 761
56 530
720 651
370 709
88 368
222 349
217 194
180 103
709 251
498 437
282 473
269 171
207 268
45 575
582 650
670 628
757 386
761 268
290 10
675 191
318 400
117 635
514 750
387 516
504 34
516 509
53 773
542 26
417 473
294 230
678 299
774 502
633 266
7 647
767 409
26 295
204 247
127 629
210 655
494 253
43 400
147 95
318 538
117 256
158 558
419 362
117 407
220 227
47 655
126 235
786 550
645 53
346 650
722 680
211 577
708 686
232 729
43 255
540 627
63 776
187 91
599 323
562 133
202 242
133 505
751 6
570 297
562 338
32 713
271 1
786 756
380 440
633 203
431 695
375 645
20 792
540 317
158 756
694 474
605 53
760 607
555 471
579 169
515 238
510 703
486 796
204 277
456 686
271 342
55 624
542 165
384 527
517 465
412 439
86 218
720 98
1 242
274 637
31 442
277 73
437 647
623 91
736 475
156 780
741 37
99 37
388 558
87 583
452 526
791 419
348 783
793 686
627 214
644 308
175 111
735 252
733 498
562 564
362 427
476 439
373 244
125 96
377 567
12 530
365 455
310 519
359 306
454 571
260 504
168 356
392 635
422 122
302 224
20 142
327 770
424 324
94 620
132 329
758 77
292 712
564 721
651 645
585 694
379 467
696 226
563 37
217 282
663 99
37 15
558 143
2 556
320 292
294 694
568 33
5 545
5 140
26 185
30 656
145 626
778 395
540 747
750 764
591 84
754 334
9 297
93 545
672 746
372 51
535 622
589 94
93 153
728 292
55 274
459 331
123 480
399 379
557 631
152 444
662 155
169 565
315 361
500 596
258 481
334 193
701 706
492 413
545 192
628 100
784 717
722 33
771 805
693 729
570 629
799 797
514 200
509 171
269 337
194 45
82 198
286 607
460 331
450 367
429 660
650 694
307 308
212 580
14 479
286 789
205 259
261 204
80 699
568 738
635 717
702 619
130 438
308 105
511 10
527 51
433 336
690 747
66 716
180 474
779 196
750 720
633 403
572 301
689 344
217 270
57 460
441 788
365 51
257 285
273 784
178 375
403 673
643 460
240 426
595 629
210 427
785 411
356 272
698 616
670 42
357 566
614 396
132 564
774 143
644 310
314 15
183 476
124 682
763 324
757 200
125 513
68 183
699 424
180 326
576 318
234 192
452 159
683 114
628 22
687 684
540 270
225 779
311 16
521 180
606 436
352 691
32 696
795 499
763 547
740 237
540 750
222 350
748 298
760 203
649 531
559 112
282 204
122 804
