1000 9884
752 816
380 81
989 713
829 916
21 727
975 906
502 676
998 537
926 202
159 697
38 826
20 273
259 571
264 963
281 811
781 866
892 107
199 845
310 686
42 88
318 229
208 119
817 826
88 694
126 978
821 210
949 269
308 443
181 691
899 632
648 824
762 698
672 174
673 347
506 508
786 218
291 712
499 877
189 249
744 848
874 803
526 168
51 200
507 922
127 349
808 461
455 346
717 515
442 727
242 107
886 154
764 207
122 63
211 825
36 739
454 22
572 429
995 782
887 740
993 494
558 987
120 707
491 172
41 877
387 377
580 730
384 701
469 669
1 495
573 279
940 766
633 116
49 406
600 363
638 487
396 328
595 432
297 661
580 420
597 514
600 282
31 108
434 614
664 631
704 328
524 35
391 84
548 169
966 712
642 178
606 611
516 655
629 770
298 620
996 539
278 590
693 613
552 699
241 622
495 81
334 209
328 352
216 924
604 247
825 774
932 558
276 202
298 654
281 628
475 621
234 572
881 559
509 742
38 580
42 651
668 772
646 340
927 634
937 766
106 208
226 623
891 355
982 158
844 885
397 556
345 331
198 536
610 696
293 380
424 741
888 694
617 416
803 791
611 350
901 142
557 796
781 616
146 161
899 997
757 601
829 380
786 81
201 759
202 152
886 230
463 851
434 119
994 31
986 683
18 649
257 583
848 696
79 784
500 379
714 17
382 867
184 848
295 792
116 267
117 254
192 299
607 765
124 814
412 800
969 421
988 327
405 288
502 42
101 554
541 797
174 222
32 755
418 788
22 402
405 10
463 260
379 713
549 387
58 494
477 488
79 340
85 919
309 735
441 335
168 753
833 989
651 204
120 266
104 655
647 24
75 678
466 925
377 910
509 793
835 48
450 711
803 759
343 150
570 214
162 477
39 185
276 861
884 490
392 370
29 99
453 913
255 799
110 118
539 826
371 582
564 262
946 792
674 235
512 242
130 845
901 448
946 747
764 102
303 346
621 299
325 766
587 743
535 927
898 914
78 754
946 634
907 960
398 245
312 886
810 29
648 240
631 103
730 340
415 914
769 784
813 891
709 954
1000 562
904 952
150 560
438 627
224 459
331 481
188 110
111 19
672 291
302 226
909 10
306 825
120 763
391 472
697 594
839 990
53 997
184 876
3 208
478 626
207 80
908 85
140 47
359 181
644 623
538 246
352 77
280 666
180 883
514 111
477 347
577 565
941 44
482 691
799 146
214 662
579 658
132 909
205 369
987 259
664 990
42 926
918 983
354 924
116 803
483 736
301 943
604 8
56 526
537 193
955 350
501 972
559 848
12 565
290 435
898 562
976 830
355 651
15 359
570 234
533 486
99 654
265 224
301 738
986 410
61 316
574 701
527 361
910 355
743 256
74 963
330 553
377 785
275 168
260 444
635 814
912 771
565 87
622 24
539 548
646 504
140 205
35 837
695 837
38 72
670 541
903 629
277 272
311 545
403 554
26 435
833 33
621 194
14 400
145 39
188 387
299 794
662 767
919 4
300 596
407 976
231 172
88 134
987 818
1 529
804 462
645 671
408 525
979 214
618 704
836 565
80 37
801 798
857 392
244 184
830 643
747 35
639 17
434 752
6 556
633 200
942 168
155 201
310 470
753 89
421 839
63 570
266 792
510 313
718 322
900 779
5 16
750 595
589 495
906 987
655 708
548 404
76 405
722 163
337 71
525 900
747 764
531 571
146 615
953 141
43 245
831 148
523 175
713 525
553 800
882 172
989 889
905 935
170 131
928 315
584 653
911 34
125 627
865 976
807 973
578 439
666 71
356 313
998 885
433 844
397 745
677 297
952 32
743 800
815 439
446 270
804 932
511 876
987 572
799 867
835 570
776 672
522 560
946 442
51 120
326 450
592 436
757 870
169 389
443 738
406 490
544 183
193 287
732 676
844 538
991 325
409 295
675 540
400 110
936 48
519 919
940 616
581 362
374 760
13 494
343 619
860 768
880 861
843 419
917 680
956 130
34 307
16 173
625 751
331 868
443 174
780 850
10 455
839 708
737 134
476 682
873 326
949 537
567 222
347 40
129 157
132 724
775 2
281 458
746 254
12 622
162 95
519 121
423 420
65 648
372 572
559 776
671 322
641 235
858 548
422 740
155 955
176 510
103 781
806 638
403 57
646 23
821 19
915 210
420 668
916 377
725 759
906 981
360 777
852 750
428 834
527 470
622 976
678 870
601 859
143 334
924 81
356 563
486 582
382 567
771 318
679 409
28 269
109 950
611 140
832 175
316 112
472 302
554 980
295 906
41 831
832 222
240 956
706 571
905 481
897 534
74 177
610 479
849 893
633 934
905 791
836 525
196 748
315 22
580 522
46 426
850 240
541 909
732 204
490 227
491 582
646 548
760 253
449 826
694 304
345 425
239 157
521 862
371 13
957 814
347 52
665 286
21 300
439 589
64 833
570 215
863 974
459 444
902 254
975 988
688 182
356 12
105 260
640 9
859 191
346 998
453 962
756 557
631 467
134 295
787 443
455 217
937 618
55 803
702 298
498 892
89 169
559 77
95 903
721 348
118 300
617 387
752 438
843 961
831 478
26 557
602 978
764 325
751 569
790 699
97 592
95 165
932 199
562 570
815 220
249 269
765 877
221 719
41 121
630 341
758 414
709 586
162 799
624 990
930 885
753 830
957 428
815 50
622 552
350 303
303 767
107 22
311 128
187 414
280 620
799 383
912 17
179 562
457 180
576 430
775 646
101 589
174 251
656 22
324 172
435 717
828 268
7 425
745 442
526 70
938 100
717 15
988 74
241 715
385 81
97 367
79 299
947 489
263 80
926 272
943 658
275 151
719 174
129 84
77 310
647 238
921 790
730 544
604 9
676 654
55 323
315 766
855 504
932 615
959 398
711 729
437 432
250 325
646 76
24 203
522 118
637 145
413 423
588 507
570 858
608 409
857 374
494 178
920 773
833 484
323 454
513 650
933 513
381 708
833 405
320 576
341 182
199 184
611 264
406 626
523 590
765 559
235 748
700 594
131 313
901 197
136 449
913 255
715 183
109 860
866 313
61 25
544 61
13 150
145 38
843 203
537 804
160 68
575 528
279 55
36 856
700 295
596 368
524 757
743 451
653 983
122 507
85 64
568 657
988 490
456 683
40 42
520 788
369 674
121 193
583 299
417 704
737 927
704 64
524 987
415 90
897 719
687 860
936 883
656 276
743 864
309 628
292 870
496 777
614 289
798 424
211 270
234 372
214 691
567 245
385 189
668 940
228 971
689 79
29 742
603 641
475 50
495 63
813 230
11 88
45 380
340 840
195 225
817 380
203 541
220 661
880 359
431 517
730 969
566 371
933 596
860 596
190 71
69 926
51 447
267 714
77 751
207 768
759 503
337 514
10 144
860 890
956 633
907 779
359 602
964 712
952 144
679 359
614 980
523 763
653 648
529 378
18 897
38 452
928 680
425 897
152 839
174 772
925 596
506 220
288 391
397 91
946 244
505 28
268 456
553 46
832 243
316 476
724 449
943 161
208 281
107 65
183 876
176 710
49 328
656 176
654 479
257 332
562 74
849 673
984 158
710 918
325 444
400 244
384 386
187 55
617 558
893 681
896 493
951 9
516 762
742 406
249 611
224 464
604 467
73 269
43 421
620 581
744 591
774 300
372 398
390 37
450 464
413 220
90 891
497 843
488 99
299 3
172 869
724 714
376 568
485 250
786 745
180 360
493 287
242 993
719 223
336 102
869 68
36 947
855 17
358 971
532 116
309 189
94 701
275 5
901 345
975 872
726 294
141 178
105 440
983 333
612 393
351 423
893 416
877 987
845 317
705 874
152 534
299 665
677 199
216 329
863 425
939 329
758 256
616 377
303 23
142 147
791 802
648 52
631 931
909 403
86 508
235 978
201 838
175 508
61 178
887 714
669 563
139 520
415 367
771 479
405 339
3 246
421 683
481 144
447 943
844 797
222 921
853 537
840 472
269 760
310 492
828 361
118 585
139 212
965 192
871 794
656 457
766 52
90 573
236 787
366 934
628 61
702 796
63 669
867 947
498 223
530 917
312 478
522 369
794 762
725 854
592 757
186 362
831 350
46 982
565 814
968 824
312 316
824 165
399 703
121 896
234 673
84 823
702 344
369 31
5 25
27 497
503 204
735 289
922 214
43 875
213 87
434 420
218 511
439 229
477 578
207 617
864 807
550 201
74 286
695 912
113 380
43 521
763 134
982 356
967 496
682 352
209 946
88 61
830 5
370 923
810 460
939 736
923 231
445 375
624 46
952 533
883 747
365 704
596 204
998 975
474 828
37 302
505 572
258 93
552 57
224 154
443 120
340 736
966 372
533 959
340 574
558 98
192 471
712 344
549 421
307 47
595 219
509 55
837 378
132 798
243 53
945 777
910 805
137 753
634 785
557 9
506 944
587 889
497 787
480 559
835 119
837 557
622 333
676 621
65 992
797 431
321 414
138 892
451 984
513 792
643 985
695 560
13 833
702 372
650 147
324 14
342 103
623 210
111 430
631 295
529 309
184 240
905 176
856 674
75 70
113 143
886 770
208 677
998 956
32 147
418 130
783 288
972 605
403 556
886 189
135 741
251 92
412 678
363 208
382 588
863 135
847 514
259 45
443 728
248 624
528 610
729 231
657 130
749 284
127 152
274 722
168 81
23 77
300 598
139 592
122 504
486 873
32 992
658 876
737 813
757 162
766 688
287 249
150 35
102 296
175 596
602 800
269 67
932 113
59 231
277 164
685 359
4 299
390 653
600 257
908 458
586 252
746 998
943 704
242 564
954 235
634 595
928 770
547 120
984 958
831 379
388 644
172 243
466 371
186 306
591 272
752 67
513 90
91 114
419 555
462 719
1000 146
431 516
548 628
401 561
111 236
886 674
850 652
392 268
363 739
208 980
990 559
789 576
640 272
465 970
523 621
753 10
34 795
772 388
683 867
501 260
729 33
678 90
312 671
921 759
481 312
688 778
672 399
212 440
929 528
70 938
92 918
513 785
113 405
79 648
10 897
908 938
382 182
329 205
848 735
886 443
373 28
563 68
895 187
53 938
538 266
480 222
193 575
190 501
496 584
438 857
269 89
562 7
692 646
549 283
439 167
850 266
10 453
637 562
939 190
254 98
906 667
694 298
24 328
78 63
353 524
225 167
575 32
932 730
238 321
451 478
885 550
48 461
548 394
403 486
534 749
404 386
833 784
206 786
392 458
46 955
12 767
967 677
954 848
281 746
363 583
916 404
649 311
958 779
701 718
318 426
428 542
87 379
623 165
113 996
259 536
12 940
844 229
440 163
149 541
576 462
651 591
66 165
515 307
454 964
75 433
496 202
4 115
246 676
208 925
765 982
914 6
471 879
705 907
666 173
123 282
736 879
93 446
430 399
412 750
481 59
735 896
536 714
316 114
675 941
13 46
734 72
352 326
465 985
856 214
435 469
992 918
773 919
866 947
996 998
689 970
32 647
426 636
89 602
219 519
58 651
645 731
542 697
227 996
139 326
712 644
675 280
73 462
131 746
742 288
724 811
743 121
231 805
181 561
665 131
135 35
709 202
159 728
34 338
811 524
236 780
224 844
902 323
67 262
774 265
977 403
82 313
581 785
401 735
242 947
24 66
977 44
986 274
513 898
381 476
733 615
12 411
721 39
719 564
685 644
890 886
411 563
466 698
488 414
716 286
636 908
337 687
981 654
12 961
570 823
610 744
1000 392
17 698
699 758
901 94
777 64
727 362
928 212
109 886
455 398
955 355
956 657
725 92
835 756
639 570
505 66
221 717
39 988
227 324
691 469
250 175
162 797
179 233
456 546
677 130
773 711
779 918
395 897
982 583
930 994
421 765
639 233
876 205
18 635
311 130
918 430
225 69
170 846
926 997
214 971
396 444
202 383
148 861
249 824
345 953
487 338
461 883
46 316
279 582
49 113
710 878
822 340
2 809
889 463
144 183
917 49
332 631
324 467
454 404
231 136
628 129
42 556
953 374
938 482
521 602
767 700
686 592
301 590
584 438
108 940
591 71
534 516
276 892
134 374
281 674
859 157
381 593
683 459
216 484
124 181
541 90
102 447
544 337
947 780
415 994
587 277
39 738
354 144
501 303
818 547
146 228
352 945
133 506
709 923
711 61
325 898
666 590
64 148
987 902
677 78
329 208
314 612
29 455
460 746
541 527
11 524
749 684
71 448
148 739
791 75
574 425
26 195
463 42
211 69
505 352
857 763
309 848
685 469
333 762
435 698
989 127
862 759
918 37
997 596
222 515
781 870
997 677
428 96
413 980
196 452
272 508
2 781
575 400
378 587
780 796
846 939
896 618
435 969
812 141
741 305
409 678
625 762
149 463
420 706
572 525
96 318
479 597
301 545
803 291
641 140
826 128
664 219
162 666
171 61
458 560
211 844
712 231
897 427
864 930
264 888
119 304
229 848
301 707
267 639
363 738
246 701
618 939
639 958
485 567
275 201
919 752
69 813
147 771
646 475
260 34
687 645
134 527
377 668
749 76
52 908
553 737
810 208
55 673
777 489
598 147
109 633
982 306
695 987
57 611
333 822
265 558
429 472
468 35
488 940
826 905
496 284
372 156
627 638
984 1
804 276
309 771
538 267
82 35
706 581
527 593
325 41
418 669
622 930
383 359
295 705
22 27
680 613
279 424
84 832
469 778
774 625
280 725
978 468
137 844
414 352
219 984
861 393
664 635
422 863
225 367
957 918
103 330
327 854
564 835
757 548
292 634
759 992
447 478
589 353
612 710
885 726
541 291
727 247
603 397
949 169
306 925
570 62
684 481
78 112
694 919
698 346
241 221
320 748
583 613
485 474
656 826
548 760
364 669
290 728
437 359
539 707
975 795
959 166
413 286
252 298
700 822
846 620
960 555
136 189
501 453
212 648
34 580
308 411
42 580
355 128
194 355
201 618
660 615
408 908
905 344
834 302
412 376
607 39
852 830
633 642
986 516
917 902
437 844
801 761
198 107
993 337
683 765
227 521
853 709
356 995
602 967
144 51
127 32
790 222
23 229
151 272
176 740
853 694
913 769
992 774
149 831
792 886
184 1000
173 201
193 651
732 856
399 699
720 880
135 712
637 725
253 236
458 373
435 867
609 124
79 336
318 952
581 702
710 658
125 402
452 166
327 826
316 41
116 203
667 717
237 585
307 245
730 762
712 65
331 46
955 423
735 787
963 80
584 411
582 762
894 720
739 761
833 620
302 985
664 489
341 957
660 967
973 136
479 835
765 294
983 339
108 623
750 74
536 252
792 358
42 397
578 331
264 927
378 293
632 415
562 983
355 47
783 89
809 822
886 804
715 303
912 569
805 258
937 154
4 231
118 205
875 450
217 300
127 273
212 924
387 6
737 29
687 915
288 449
731 983
386 978
443 815
906 999
100 686
122 482
793 533
97 160
581 414
619 231
434 889
454 380
774 799
41 937
724 106
943 968
201 211
358 107
451 407
89 806
550 629
506 263
637 761
267 57
430 983
487 674
220 511
239 333
304 2
512 743
585 407
822 452
237 668
589 455
148 243
996 479
214 628
125 522
149 279
225 625
501 968
906 946
135 292
584 40
823 859
368 947
475 969
831 380
941 748
798 15
964 275
471 381
882 132
557 412
25 571
747 818
639 878
842 962
539 794
721 147
960 885
43 939
727 647
502 716
664 339
934 345
493 7
440 237
11 879
208 889
263 823
398 42
847 889
593 362
591 995
544 338
321 47
692 74
318 180
350 178
575 319
902 549
83 597
382 739
278 806
421 45
259 414
31 79
692 872
599 582
900 413
612 243
982 753
625 276
27 904
799 574
946 94
89 759
73 218
878 945
662 866
114 866
847 169
528 258
175 481
623 999
153 195
999 52
802 720
909 780
32 704
396 417
438 236
949 656
253 803
867 842
6 947
10 446
67 675
874 49
582 262
24 366
298 629
881 787
7 31
10 257
871 860
255 680
323 986
34 155
253 5
689 477
837 749
16 513
146 976
789 906
93 621
333 62
560 78
786 640
915 988
664 220
902 735
439 694
669 341
941 720
712 232
566 199
697 148
452 233
389 30
212 919
104 120
929 121
587 581
595 894
320 560
651 724
402 42
76 85
259 591
404 20
433 832
584 512
256 747
259 732
976 346
740 387
354 194
29 506
251 182
490 898
825 395
700 625
402 204
758 315
939 511
925 672
960 148
952 770
91 734
113 314
575 672
93 457
496 285
815 6
874 718
783 548
34 803
130 484
701 123
424 217
262 20
729 370
822 977
37 275
770 968
913 804
572 127
956 158
779 703
46 402
654 589
535 218
847 36
687 399
654 133
590 766
147 308
187 185
336 541
724 391
146 786
698 807
789 204
42 963
8 847
357 202
656 383
361 15
827 486
101 831
413 217
436 878
368 876
310 835
42 741
523 126
364 374
419 713
497 217
168 967
243 269
968 878
110 95
207 963
958 777
116 692
797 405
601 524
571 563
777 795
964 354
316 601
523 235
981 857
673 24
562 505
754 101
493 975
613 814
83 815
299 666
172 676
263 895
801 188
14 131
87 603
476 774
661 664
173 866
594 589
496 91
408 909
136 412
692 177
251 451
70 773
625 242
273 37
2 509
813 931
69 162
303 897
420 163
494 788
558 905
923 28
411 288
583 206
71 506
398 606
766 727
41 803
403 836
154 71
362 353
948 744
606 4
644 737
866 945
577 258
136 984
340 344
571 492
5 870
488 303
604 364
749 917
92 440
923 600
282 320
46 281
505 633
15 842
33 785
418 896
127 662
497 697
3 550
791 449
758 540
67 379
436 556
552 269
423 358
449 943
451 105
824 653
838 837
769 28
609 349
992 323
663 632
171 358
742 147
431 984
234 394
826 214
148 62
745 30
673 873
489 728
552 954
522 94
280 285
134 136
321 439
817 522
128 337
422 407
512 247
531 853
237 140
437 378
5 6
246 762
179 303
803 937
471 559
846 585
556 663
816 556
808 620
807 870
699 437
518 735
83 971
597 318
998 919
806 90
627 971
669 754
563 371
378 119
142 370
430 970
814 416
374 491
567 696
771 431
151 81
83 263
523 994
908 876
196 558
657 52
896 876
625 504
844 606
900 728
848 665
481 64
887 600
496 232
594 536
41 936
480 152
813 314
779 630
214 969
484 636
366 756
662 929
408 228
279 467
652 79
858 852
50 825
641 762
201 163
980 540
279 576
84 744
729 757
705 991
606 685
37 670
560 837
814 830
853 796
12 460
479 738
708 468
157 378
964 126
830 139
916 249
3 800
150 561
725 887
581 755
674 439
752 955
452 441
612 671
550 225
507 475
641 215
52 201
268 656
95 688
959 520
313 247
815 696
427 267
87 317
604 585
999 572
610 673
77 711
27 478
635 805
651 20
303 261
51 468
804 830
807 949
352 853
887 75
69 728
363 439
805 340
113 140
407 152
138 703
692 250
956 695
922 579
585 651
892 513
804 611
922 754
779 807
597 52
141 46
218 867
257 529
60 66
300 593
227 755
122 263
8 909
309 483
344 821
425 801
477 103
528 259
726 634
982 976
364 479
679 784
27 681
637 954
965 64
897 707
365 963
296 726
280 763
997 594
409 25
696 634
15 797
128 959
400 692
609 74
348 26
884 964
831 735
158 783
505 561
109 625
631 817
936 917
647 185
278 676
392 755
407 971
451 144
498 365
387 876
357 38
56 559
406 75
370 179
488 58
314 474
195 437
470 233
57 52
534 550
775 328
337 868
91 789
882 56
167 152
830 296
243 590
773 598
880 208
858 49
108 688
458 387
541 60
161 304
536 932
325 578
842 948
735 139
97 547
942 563
464 542
668 989
878 641
790 615
611 6
320 253
675 805
1 854
58 801
387 65
191 827
14 736
715 437
149 583
921 534
978 545
944 913
887 659
466 333
982 909
288 633
334 295
199 529
383 400
97 239
528 367
693 939
361 690
849 688
644 669
740 806
173 227
11 776
953 647
443 165
444 602
505 604
218 593
783 923
399 726
681 545
556 443
59 117
760 230
172 428
799 326
417 435
346 459
509 45
58 71
341 218
318 621
767 210
864 243
96 365
975 673
488 135
931 263
271 814
789 941
404 397
592 104
621 910
162 203
471 439
897 260
916 32
664 57
494 12
96 587
781 727
958 959
975 967
445 600
800 585
893 346
531 715
378 308
140 955
681 646
156 284
622 251
934 279
57 193
973 371
527 428
986 206
293 358
220 778
481 526
669 971
472 790
8 779
941 866
871 143
834 189
359 634
951 790
437 936
9 657
394 989
89 483
914 148
938 798
758 439
591 565
682 283
22 872
250 720
390 780
122 460
28 828
299 715
87 926
197 823
41 802
151 445
300 537
407 791
466 305
583 350
783 680
201 268
400 79
480 253
745 679
709 260
231 64
55 182
865 14
314 892
847 394
776 521
46 431
650 715
163 113
105 851
230 11
802 904
288 978
600 619
414 493
698 824
801 475
42 932
334 132
319 336
926 328
233 23
90 936
141 796
346 350
38 696
826 215
499 253
704 743
154 44
391 741
584 413
177 601
256 360
632 393
7 917
613 448
15 446
73 873
204 453
831 56
285 132
329 876
521 366
849 380
691 538
565 125
270 155
692 120
401 280
221 951
540 781
905 152
911 191
748 936
96 383
786 416
756 895
298 307
714 635
634 165
526 21
857 962
865 479
350 385
744 384
81 894
444 222
743 474
688 932
378 854
641 942
824 627
753 642
44 619
541 729
340 270
583 18
862 399
610 508
634 502
434 710
54 679
330 439
957 762
120 991
129 397
646 618
349 362
688 34
944 278
747 347
710 877
35 39
516 702
486 284
270 793
107 585
533 157
885 653
662 371
370 317
613 463
141 768
9 619
579 320
889 728
854 602
177 756
489 298
661 170
534 680
863 963
958 996
190 370
274 533
393 940
821 437
855 100
931 428
91 155
955 562
759 712
926 209
432 533
143 201
436 69
310 554
383 462
760 585
800 736
708 937
12 992
189 987
847 351
99 402
122 977
263 817
18 244
825 252
934 430
96 960
812 593
782 210
952 249
346 648
494 512
13 768
160 476
363 327
435 82
280 350
577 141
995 906
601 7
17 86
753 844
601 574
520 59
114 958
340 76
643 183
261 20
724 426
637 855
249 14
965 832
606 50
218 787
136 514
391 314
818 98
804 465
631 570
11 751
231 904
39 452
278 859
245 284
593 359
129 489
707 580
178 357
854 789
786 974
951 81
731 551
675 51
571 98
408 126
281 496
68 936
197 226
440 335
883 37
332 997
133 724
544 837
804 104
272 812
594 355
595 582
525 783
414 854
56 782
399 38
494 458
590 207
848 474
152 353
6 396
212 913
873 825
690 801
142 892
256 463
829 542
721 253
65 881
998 739
790 939
94 375
385 817
316 917
961 424
838 630
993 292
568 118
739 207
316 772
65 12
70 799
491 502
350 63
889 533
305 622
748 150
35 581
52 685
661 981
625 310
268 627
59 456
95 414
743 482
144 202
274 581
621 852
996 974
577 292
211 98
361 689
896 708
326 881
899 475
975 108
227 972
748 346
261 496
572 1000
809 490
149 905
794 94
907 687
906 564
14 861
112 651
385 99
311 746
832 692
427 744
814 772
430 525
200 62
317 389
876 724
807 474
936 513
133 434
281 460
980 714
674 397
984 781
628 196
243 158
871 544
214 301
507 277
721 63
321 425
786 629
94 678
498 195
411 23
613 498
414 989
916 263
973 370
167 191
464 334
549 773
307 776
808 739
896 239
204 128
42 39
523 572
800 903
765 609
250 94
143 295
496 206
482 401
100 960
356 426
839 10
326 262
807 717
957 160
26 578
466 950
340 166
378 81
415 564
473 835
611 37
575 710
616 510
584 875
714 806
17 30
591 271
592 406
832 165
869 886
193 509
692 977
571 512
843 359
679 757
849 998
666 308
671 549
853 706
875 150
452 749
974 622
294 734
158 539
785 307
844 794
576 88
600 334
106 251
822 733
804 120
366 585
476 25
168 474
390 329
452 18
568 795
842 390
770 427
443 305
724 934
301 819
965 348
107 620
590 843
685 77
297 916
938 632
120 273
730 598
451 107
513 228
381 246
552 670
898 438
936 765
815 979
137 728
357 125
822 25
147 275
55 746
383 809
521 546
538 704
557 292
997 45
929 197
677 943
414 799
146 681
733 611
955 553
975 986
172 981
877 505
252 107
824 405
94 642
467 780
673 73
532 132
455 215
575 38
597 474
561 668
294 265
274 39
645 639
78 757
338 882
503 376
674 964
327 46
184 328
437 538
666 852
42 170
740 325
484 539
341 510
574 746
122 512
477 718
188 263
359 750
670 962
398 798
661 924
666 630
527 639
320 38
999 990
895 793
456 550
610 155
296 79
313 887
226 144
155 148
249 113
430 30
558 794
540 353
45 829
227 550
546 994
446 772
710 49
514 324
844 943
404 556
352 469
760 466
540 400
323 564
395 867
767 49
990 634
863 648
546 708
400 842
690 43
491 536
954 208
572 775
483 664
430 581
648 924
220 361
58 124
556 275
974 6
318 554
837 758
840 38
203 742
385 373
25 798
341 636
110 315
900 978
564 548
471 382
593 60
689 865
238 206
60 826
243 628
579 14
657 680
90 449
901 45
632 644
686 929
212 604
433 857
382 129
952 11
56 448
754 171
596 698
743 821
122 833
86 236
658 421
252 732
74 684
72 474
393 504
9 983
326 334
131 332
208 553
30 886
35 680
303 221
577 61
231 340
491 43
808 247
59 431
139 599
676 310
364 330
183 774
39 802
491 841
832 907
122 894
158 595
766 260
510 70
790 116
59 250
598 98
721 534
258 268
187 158
194 654
474 686
515 332
2 777
167 705
723 433
395 506
508 321
440 737
21 396
115 33
769 240
614 5
673 565
450 454
603 308
675 131
489 372
241 459
461 198
413 99
688 677
254 519
557 364
376 657
769 356
56 298
707 16
954 667
406 822
650 176
360 788
513 744
643 841
181 778
682 225
503 179
809 738
277 956
354 854
450 684
786 210
723 725
930 725
679 498
854 555
777 382
31 643
692 847
640 930
351 839
718 764
848 581
903 847
935 339
944 201
18 669
258 172
684 81
891 598
286 742
749 652
680 941
438 941
886 303
248 367
487 135
32 624
296 109
3 273
596 112
571 306
360 528
368 955
403 140
624 472
310 437
22 776
150 290
263 1
690 303
304 126
755 815
205 306
922 426
102 954
34 186
676 893
381 209
418 93
831 467
370 2
284 566
391 727
401 758
110 256
789 939
7 802
393 922
837 607
879 52
39 141
326 399
797 481
543 269
530 732
693 176
731 101
811 205
208 38
794 821
523 249
858 96
7 593
364 808
38 169
740 900
351 50
604 996
743 893
599 505
621 97
969 896
645 241
869 915
172 931
949 10
606 233
238 685
65 265
948 580
329 236
165 894
49 285
47 382
806 422
329 125
917 612
921 353
867 509
120 854
638 440
538 182
111 536
645 710
983 596
340 714
419 221
370 565
261 674
608 985
989 212
370 388
135 30
375 693
904 335
103 362
713 178
92 217
646 686
59 768
315 378
45 301
319 338
944 742
533 636
531 909
185 858
509 313
964 148
750 765
16 588
860 325
932 586
94 865
755 41
812 480
368 269
10 38
873 214
600 826
616 936
906 252
856 831
750 479
843 523
751 898
772 517
795 684
834 842
512 202
34 642
518 350
561 659
831 667
398 82
916 651
726 38
949 333
273 996
173 93
187 890
1000 295
640 588
860 943
922 206
706 453
765 310
145 51
457 353
562 644
502 211
729 141
527 838
398 910
27 483
801 665
571 559
790 271
719 415
562 486
434 985
231 17
322 879
362 320
880 781
547 154
793 650
757 121
426 933
499 361
49 394
713 230
178 366
970 786
793 91
856 828
942 148
653 287
750 861
225 314
82 101
46 312
31 44
141 604
222 474
29 539
547 66
430 586
572 759
573 682
814 684
486 493
513 199
401 813
589 340
538 690
354 775
967 731
171 725
642 916
475 973
521 605
573 908
65 585
137 324
673 778
416 285
684 142
831 201
635 984
925 148
945 638
450 52
267 598
734 796
698 286
521 319
61 622
924 812
32 348
289 355
200 642
536 220
424 534
805 484
636 85
967 799
237 510
522 802
471 957
844 441
437 637
477 672
5 281
423 574
911 869
860 947
294 809
922 590
190 750
467 359
450 619
469 317
507 614
579 523
536 664
922 753
770 531
891 732
662 759
681 212
460 743
905 505
527 971
306 253
219 676
199 650
673 927
974 409
653 33
840 568
143 626
625 618
843 447
461 560
597 644
728 845
103 127
788 943
135 377
510 71
535 178
442 239
561 339
743 47
504 412
68 357
604 343
343 701
771 840
154 842
197 808
551 713
73 282
699 58
936 920
258 700
99 790
680 796
488 799
710 734
563 650
966 628
842 558
914 979
276 72
832 584
119 632
335 559
820 653
214 404
219 14
963 50
137 279
928 742
949 848
436 773
879 19
493 308
902 46
628 663
800 544
251 782
925 220
419 702
169 535
441 986
501 714
7 991
512 3
794 927
281 818
719 367
327 467
592 96
829 653
406 934
941 895
604 735
808 664
972 155
276 738
795 946
668 188
134 512
568 120
308 307
824 342
756 704
614 975
778 575
925 700
433 550
301 728
769 848
826 803
49 722
333 817
464 928
105 914
895 835
270 345
331 464
556 885
226 230
905 513
464 831
946 239
89 678
538 485
904 711
155 564
642 327
666 321
524 871
32 625
179 962
897 691
36 89
900 546
280 683
889 233
652 131
309 544
491 965
611 596
595 443
714 343
129 459
481 249
944 464
529 618
570 374
577 870
488 891
711 461
426 433
228 869
216 869
965 408
876 869
113 547
955 414
254 22
746 265
358 627
584 436
60 925
208 136
461 378
523 195
636 328
4 692
38 731
81 303
963 921
837 880
803 544
790 986
661 450
920 836
80 225
354 384
378 266
323 391
242 333
960 544
118 472
47 852
782 281
807 894
259 316
572 253
136 49
781 415
30 941
415 929
400 390
859 119
133 428
73 416
563 763
288 331
791 827
648 59
906 765
818 887
361 992
216 29
53 758
240 931
826 950
921 582
702 99
209 984
467 140
663 210
758 84
631 734
373 250
329 124
154 113
192 292
563 983
484 624
123 860
269 864
328 292
934 658
993 54
443 85
627 573
28 713
714 597
729 620
107 320
202 724
663 289
520 561
889 886
907 848
96 46
872 991
319 460
980 522
339 386
100 923
162 409
915 717
291 359
384 131
348 332
205 469
133 520
137 589
766 142
146 901
918 947
455 396
25 768
599 890
964 149
126 671
489 307
346 204
937 807
132 583
349 967
685 877
66 880
380 35
327 740
99 669
850 703
529 901
66 334
252 101
174 716
740 146
6 330
66 481
623 199
241 77
264 974
540 665
248 927
962 39
527 397
485 586
643 640
921 998
51 365
986 848
844 380
118 343
284 253
88 998
677 370
556 182
520 435
429 617
529 315
933 76
605 752
909 413
553 333
862 162
972 385
378 945
903 769
351 836
565 459
106 537
767 332
586 237
666 743
528 517
444 217
924 339
370 749
559 449
800 464
430 143
714 848
883 609
700 121
16 579
775 617
387 696
710 70
74 499
76 934
616 935
249 706
385 56
629 175
723 994
767 785
571 234
275 537
793 84
883 420
278 668
618 195
121 617
766 91
824 830
56 680
275 646
756 378
828 618
354 917
775 45
334 231
104 724
808 223
254 926
94 947
55 347
811 985
405 888
390 228
907 458
584 45
87 106
149 585
760 878
100 503
251 869
522 187
509 677
241 271
920 926
280 381
877 295
600 902
86 913
604 982
794 737
458 536
609 968
100 213
997 289
428 732
820 238
697 93
350 917
521 143
931 667
749 209
637 37
38 246
574 900
748 911
400 447
971 168
4 49
468 318
796 53
598 137
431 18
161 522
164 447
971 57
40 869
21 757
904 974
706 294
339 691
506 684
38 291
352 550
656 999
796 219
544 164
174 867
787 520
576 63
151 113
154 407
598 474
446 855
847 297
443 959
892 850
686 802
328 493
415 411
754 847
702 366
249 841
603 842
947 492
417 585
804 35
71 732
245 281
871 117
620 955
895 371
918 102
77 496
884 960
371 175
651 289
339 238
219 867
510 294
846 444
301 889
672 883
932 685
1 69
668 987
285 261
196 224
876 770
766 761
661 90
21 507
719 724
929 274
107 852
860 270
59 255
973 105
578 635
506 590
548 627
61 512
557 507
172 927
513 435
319 984
609 877
713 645
626 222
564 344
322 95
61 778
471 545
345 230
555 119
30 570
566 405
952 41
792 466
702 117
246 337
504 688
35 872
507 807
256 671
152 800
473 868
568 343
729 196
604 669
237 367
265 818
253 527
804 353
295 878
558 848
5 816
724 56
616 705
514 834
505 262
141 304
223 975
790 167
244 229
596 114
102 207
512 791
201 238
782 133
883 454
704 211
651 508
211 325
908 485
140 895
879 626
793 99
277 50
492 909
370 497
206 123
245 543
727 431
287 798
884 93
278 567
651 43
928 660
399 353
646 994
295 144
704 671
714 909
21 640
594 322
190 265
137 387
780 755
454 642
879 167
111 265
422 364
877 834
270 272
134 451
742 564
321 200
531 941
734 612
129 705
497 399
613 809
649 566
651 580
434 440
125 671
166 67
647 912
394 886
971 112
8 204
317 94
374 17
657 801
659 523
387 16
65 414
874 668
533 46
975 658
679 609
1000 37
62 435
838 386
236 304
700 487
162 106
304 464
691 156
490 423
808 64
348 777
420 398
685 390
575 822
616 829
598 637
331 827
936 722
651 280
358 464
732 197
534 55
349 691
336 766
581 701
50 624
141 647
533 133
955 223
758 640
409 759
431 886
983 805
931 342
823 988
404 62
388 603
760 996
190 459
817 291
157 258
893 24
587 853
929 239
846 150
647 419
890 782
194 777
712 214
752 995
676 625
570 220
275 440
955 554
656 909
553 871
20 364
412 150
482 980
270 236
290 758
46 205
609 796
938 186
959 192
982 35
804 775
933 997
990 750
559 463
610 63
579 915
982 402
142 85
459 383
751 723
576 733
687 699
818 566
46 860
114 519
233 699
946 338
490 598
537 855
735 92
169 443
830 800
107 227
549 920
967 377
382 939
532 682
684 881
131 115
614 758
325 201
719 277
662 856
207 181
279 264
227 555
49 319
46 92
837 191
430 255
291 87
828 406
922 95
697 50
887 885
672 906
309 615
793 938
408 328
488 263
637 755
130 235
684 582
935 580
607 763
59 945
666 203
334 117
780 887
999 381
712 901
140 662
803 46
381 38
382 321
760 913
582 574
402 636
189 836
823 342
618 482
369 320
759 599
389 403
85 516
134 402
431 616
255 852
958 891
817 553
980 995
983 412
752 670
159 718
693 795
355 915
548 50
621 372
863 715
989 924
871 24
467 666
216 410
215 596
827 33
511 749
619 748
277 926
770 742
882 834
170 326
134 693
490 571
400 463
933 251
347 866
39 616
541 486
529 294
288 372
473 952
93 511
735 944
188 405
245 164
463 797
303 836
697 905
184 564
340 612
5 586
64 26
961 780
340 447
933 430
827 935
75 954
538 318
166 599
102 337
982 981
749 566
457 206
165 645
410 220
563 782
358 190
439 91
462 232
811 331
89 38
729 683
470 695
382 284
24 709
600 440
984 535
444 650
607 735
423 340
951 868
249 575
399 415
774 313
632 120
910 777
159 511
879 428
591 280
594 460
647 90
465 128
667 341
450 372
916 9
204 299
66 673
690 842
414 858
94 718
618 115
981 734
677 757
336 366
369 78
560 305
21 173
798 783
857 465
569 589
566 507
915 49
717 837
907 949
159 960
77 631
351 104
416 999
592 128
352 997
84 292
1 824
271 472
865 569
824 879
320 242
943 74
857 909
92 622
460 694
155 160
325 240
398 580
919 34
219 314
438 316
952 725
258 90
867 450
141 303
754 880
349 396
442 286
279 417
852 485
803 307
744 633
899 364
918 216
767 603
491 53
845 573
409 873
233 173
529 616
237 717
348 362
591 222
360 296
140 606
481 619
53 769
698 144
794 594
21 429
542 769
360 439
234 400
381 351
348 392
538 744
557 316
504 840
65 646
356 809
589 235
175 286
81 418
403 210
868 806
171 30
364 517
399 6
627 441
21 752
522 55
704 958
716 679
602 249
949 84
764 700
327 288
223 339
616 53
446 502
216 419
551 17
863 259
939 307
137 205
473 915
15 244
273 494
367 705
777 445
748 976
34 789
94 230
387 130
902 743
190 725
528 900
286 916
105 995
320 775
352 624
153 577
623 737
622 683
535 304
682 260
481 461
463 213
834 459
122 457
987 967
168 17
151 440
800 438
123 993
257 973
672 752
268 203
567 993
988 346
754 916
940 725
707 738
487 294
951 503
609 4
535 244
650 590
337 313
64 671
447 692
448 638
81 828
478 846
401 949
388 693
903 22
797 527
580 161
836 203
638 123
147 422
276 2
81 222
772 375
409 615
270 544
987 222
70 366
727 144
863 560
958 860
45 969
30 307
809 494
203 941
129 514
740 156
333 290
461 493
85 321
602 221
565 983
643 885
699 657
557 595
635 210
530 481
933 996
593 263
834 107
953 720
51 261
596 529
778 610
212 282
969 929
365 260
147 689
381 866
680 699
917 818
94 109
331 269
596 503
101 959
728 167
781 355
142 487
443 804
500 307
562 274
255 11
738 51
994 169
761 146
335 99
536 924
139 444
502 496
196 699
841 298
783 651
73 176
562 116
266 521
139 269
802 711
343 549
812 953
314 797
131 673
651 438
163 16
827 233
775 777
906 712
690 355
569 914
720 738
348 163
96 204
111 575
230 187
486 273
513 171
881 817
776 919
945 986
305 417
290 87
826 620
777 620
765 112
567 318
384 911
994 850
291 685
446 221
802 109
193 879
816 785
375 222
525 887
808 897
418 469
931 189
609 974
80 28
354 471
650 152
964 568
146 427
38 869
419 997
795 570
798 675
433 861
549 615
877 922
53 360
290 906
900 215
27 325
299 728
796 995
105 665
198 494
971 170
420 447
385 983
234 891
887 502
961 216
104 479
126 668
364 17
23 358
631 973
820 300
731 923
457 258
41 67
294 703
499 955
502 306
896 991
783 457
553 405
607 245
790 447
209 880
600 663
767 499
509 479
775 574
353 51
226 291
37 947
808 25
58 728
610 413
631 561
444 477
700 210
250 540
76 964
520 636
814 898
546 740
215 499
201 321
534 13
572 944
742 480
763 967
694 327
199 754
881 844
533 843
167 765
634 20
979 799
306 655
720 605
628 126
205 411
964 88
534 734
858 374
640 173
492 728
309 62
864 971
174 980
66 261
47 334
6 477
80 105
355 801
543 698
12 818
344 831
589 40
789 742
976 51
272 44
759 344
704 962
946 727
655 141
342 152
289 268
381 766
240 510
241 11
919 520
83 792
542 369
857 321
431 466
839 305
643 730
848 140
484 584
947 880
861 650
778 978
773 980
867 9
298 500
853 102
485 866
622 797
787 840
100 527
670 759
236 687
285 651
252 962
40 210
57 724
574 275
83 340
299 883
31 540
253 668
808 215
757 796
120 719
781 60
695 533
259 631
889 125
961 920
468 376
162 575
624 254
681 265
24 516
757 62
200 702
351 717
448 996
112 561
160 881
850 259
758 920
233 605
728 731
547 289
132 274
244 389
372 242
504 298
604 421
412 197
148 195
115 144
337 254
210 132
864 745
840 19
270 730
492 798
38 662
516 770
21 428
99 900
723 318
219 111
383 816
833 751
355 639
251 702
750 340
396 791
574 518
8 547
542 32
485 369
531 721
894 535
566 341
155 722
618 620
748 563
431 257
233 522
809 689
83 820
592 35
542 365
873 570
748 578
288 96
622 991
952 199
274 79
9 778
217 175
571 968
57 534
705 898
703 395
523 785
377 305
135 243
126 724
827 659
790 517
978 989
316 148
283 453
108 86
95 360
796 797
948 576
28 213
631 731
266 643
156 531
138 708
567 627
583 826
59 344
737 193
672 753
340 359
277 370
922 121
154 239
799 285
802 531
824 967
932 434
583 785
292 849
809 457
245 735
447 695
106 119
16 787
804 244
709 103
383 609
612 829
261 575
335 962
823 88
776 808
447 405
766 141
923 651
319 258
976 959
224 820
613 294
150 556
101 18
599 887
214 467
472 750
659 578
676 748
401 726
788 422
938 503
955 447
361 24
194 775
15 279
648 672
958 861
797 449
980 969
999 139
989 773
996 103
100 60
545 409
488 278
604 636
385 312
40 735
312 36
77 732
1000 497
47 141
198 624
489 908
900 252
612 38
354 274
146 102
615 821
187 894
829 291
722 821
118 170
193 1
714 613
717 366
655 264
904 932
299 810
395 555
452 552
749 302
967 379
53 727
58 139
45 420
364 355
496 683
478 495
856 187
213 514
788 800
71 612
59 356
268 307
461 520
46 98
379 899
499 696
303 625
324 365
643 613
227 779
84 640
675 319
548 55
921 99
67 719
225 589
470 536
396 667
209 990
386 385
923 682
56 683
202 937
685 940
72 766
105 34
234 326
134 77
889 738
443 850
966 814
26 182
43 133
581 653
824 398
327 709
453 794
807 255
989 760
39 81
684 138
271 919
160 790
18 460
565 873
574 681
595 654
752 751
109 414
551 75
807 989
460 200
890 629
803 842
242 400
977 963
263 956
820 15
687 129
587 268
625 81
952 255
21 890
835 586
484 548
458 566
457 53
688 792
196 875
268 328
807 609
630 140
648 232
728 132
377 90
623 777
862 51
339 914
891 577
123 571
362 273
441 809
44 581
338 294
690 83
429 253
461 297
993 2
412 892
508 521
240 603
993 115
704 202
83 247
92 127
348 17
295 570
618 147
853 840
675 424
572 800
650 662
707 987
500 891
802 829
909 631
489 494
110 510
811 937
684 441
315 678
564 743
505 788
219 2
539 653
789 914
245 858
854 632
426 824
237 922
733 565
898 746
612 698
349 780
190 272
284 717
877 714
164 907
163 728
518 82
460 14
104 96
267 630
36 206
860 559
608 432
651 452
122 908
507 218
492 270
130 777
459 119
95 947
317 341
401 218
536 939
789 307
78 822
762 719
292 893
104 429
814 949
181 567
934 95
793 944
666 905
574 54
226 896
190 831
143 751
502 877
856 422
606 246
210 543
875 275
322 286
442 570
830 585
279 221
714 238
453 90
439 411
903 616
335 90
282 82
391 276
201 2
457 232
121 347
927 503
395 174
770 46
55 216
326 187
973 541
440 932
756 234
991 781
901 92
716 808
428 252
290 45
225 576
299 185
157 315
654 913
834 577
321 188
522 637
538 537
354 698
686 657
462 450
381 447
598 801
833 520
907 757
801 106
217 867
787 427
610 730
94 571
475 727
887 234
678 771
416 640
742 698
88 938
278 321
402 153
424 353
715 851
117 540
566 743
959 586
91 645
147 663
977 676
445 390
224 162
587 421
880 425
807 600
956 886
923 103
541 428
501 159
737 445
101 19
308 561
2 356
420 171
57 759
567 733
331 577
963 171
575 930
45 723
114 835
529 14
344 162
629 437
624 193
571 484
791 251
447 545
844 871
671 982
799 173
398 612
14 771
77 437
741 670
278 756
581 997
106 391
180 898
73 726
945 675
709 735
565 529
716 931
807 500
847 405
96 256
557 141
225 620
816 9
554 995
822 19
357 655
646 901
599 999
211 926
177 594
161 181
345 400
678 330
320 891
372 651
674 141
988 557
458 736
76 183
919 877
78 477
924 965
851 863
191 198
413 328
622 158
881 288
402 987
107 365
518 437
385 815
636 78
490 800
161 256
865 788
810 127
648 878
886 898
743 783
375 395
344 485
678 384
425 36
557 883
317 14
669 857
644 752
621 64
471 773
713 689
170 752
652 684
304 770
515 59
360 670
809 991
57 674
113 815
534 995
344 933
365 548
558 941
391 446
705 547
987 805
731 863
766 643
362 333
469 759
309 834
456 266
300 907
743 177
653 137
231 925
692 721
490 41
844 820
297 66
718 448
665 574
979 916
84 752
31 43
733 157
730 115
149 60
997 792
764 757
546 416
700 212
567 26
366 841
6 238
771 670
632 206
831 278
807 981
860 294
440 297
851 541
1000 161
835 83
910 594
272 854
539 868
730 57
902 214
85 498
372 798
449 463
904 209
382 122
40 700
661 518
855 816
410 428
225 588
320 459
764 270
86 230
477 699
4 61
207 687
92 790
442 709
776 61
389 630
212 431
766 882
450 612
234 390
801 719
362 399
472 323
753 726
115 717
282 204
780 323
965 841
740 420
400 127
662 891
439 438
887 564
302 122
571 447
456 770
406 148
154 181
743 213
447 1000
649 134
503 184
474 918
790 14
615 31
118 541
230 123
196 447
464 588
642 49
25 49
462 30
270 845
806 899
384 208
183 192
297 837
987 378
552 717
145 777
310 205
495 67
957 874
555 431
993 574
251 660
323 227
345 607
570 32
402 750
369 353
722 295
821 401
569 360
805 700
350 603
7 986
247 497
40 664
954 749
829 648
907 950
660 742
365 168
927 555
792 708
854 148
371 943
37 98
100 343
207 554
961 82
34 8
217 194
681 179
140 416
32 825
914 315
383 186
735 913
94 43
249 66
771 757
895 223
342 693
736 700
145 494
429 847
984 442
568 697
988 450
718 751
865 137
41 863
62 679
174 93
378 760
287 198
788 985
421 524
145 193
249 781
430 826
767 247
126 197
128 996
457 888
899 337
962 967
923 631
616 995
802 636
187 176
400 231
174 430
620 554
73 313
715 838
883 232
150 407
137 596
363 247
394 77
916 202
42 603
152 55
564 708
140 552
660 215
698 14
94 911
2 521
718 844
788 115
530 429
100 395
262 878
191 92
116 747
11 393
262 761
30 357
7 939
859 223
773 131
854 470
765 649
125 554
532 350
184 196
742 699
801 331
324 864
660 762
60 478
441 580
207 665
104 394
692 11
837 271
342 900
382 721
280 342
170 285
840 953
412 370
450 573
627 871
167 33
900 350
848 551
500 474
905 544
451 758
322 658
624 62
397 196
809 156
211 123
294 596
836 739
799 505
449 993
879 847
704 21
297 449
121 133
14 998
474 991
59 203
21 577
888 353
427 559
211 500
603 950
875 941
548 29
344 531
845 589
791 363
926 662
336 754
427 717
68 201
582 84
243 37
996 557
758 644
318 561
210 358
194 611
134 453
929 508
732 487
81 211
500 547
530 792
142 626
234 499
203 576
665 347
190 350
673 864
876 981
129 918
911 331
915 140
219 363
503 83
967 928
535 828
384 627
919 733
373 579
1000 499
108 752
271 206
511 757
337 582
13 899
756 839
173 701
999 753
640 578
236 227
956 676
873 187
9 693
202 174
274 339
23 460
300 727
464 877
528 626
69 414
141 1
109 909
862 85
761 294
836 492
866 401
922 953
47 280
716 121
922 626
978 368
528 431
340 645
129 276
304 906
49 29
158 649
819 721
736 66
115 812
188 928
745 421
963 506
637 655
879 694
864 85
205 355
760 38
244 511
124 661
505 909
72 40
181 458
400 535
341 396
797 528
427 779
682 495
343 106
166 212
418 159
930 699
737 443
205 69
769 193
172 146
817 323
52 456
146 629
327 169
312 373
954 940
167 905
336 395
859 121
551 871
646 57
319 931
103 840
765 228
795 251
327 340
203 842
5 208
81 362
161 434
34 672
169 991
636 83
179 274
19 189
77 591
564 103
624 698
640 703
409 693
679 374
421 66
976 263
61 955
762 792
583 986
92 791
588 940
298 430
659 533
640 989
477 860
994 89
598 364
359 408
783 458
217 391
571 720
74 24
865 499
151 396
525 191
619 812
781 21
529 68
438 312
1 611
952 573
538 314
560 734
727 834
670 971
964 139
329 63
644 674
349 420
794 211
888 298
724 144
763 762
413 647
909 770
268 142
362 49
130 171
594 900
101 404
654 750
107 271
879 613
77 491
594 791
755 6
763 984
800 7
176 147
334 85
580 341
980 848
295 282
722 2
334 196
963 244
626 206
470 772
627 131
148 8
116 900
100 257
251 663
418 274
683 258
521 611
663 270
552 891
226 602
261 201
502 695
489 552
254 744
4 877
186 520
280 461
725 741
156 160
692 274
651 829
915 53
330 639
185 336
829 647
192 628
617 437
88 645
910 504
15 156
990 682
421 149
169 836
995 240
754 135
782 182
63 92
768 255
75 30
772 392
701 318
152 805
448 396
288 293
643 509
718 931
386 846
605 563
970 144
385 673
575 571
359 444
680 773
733 756
335 439
875 162
892 796
767 400
642 321
435 453
862 444
527 602
895 60
272 166
442 282
500 20
639 59
400 890
865 106
477 356
244 17
870 197
67 760
828 713
979 847
266 494
429 274
141 670
988 7
180 607
594 29
977 419
872 647
564 709
34 36
537 139
846 191
3 867
722 377
685 771
939 234
436 999
592 661
475 779
60 923
261 156
834 718
981 525
600 980
33 85
824 328
424 950
354 555
686 774
401 410
40 742
646 144
575 10
706 167
607 636
781 695
548 882
895 335
901 110
501 458
526 885
345 118
757 697
463 514
725 475
105 854
177 391
900 57
705 903
9 664
429 639
50 372
912 615
87 691
71 206
643 473
917 794
807 602
679 131
403 624
778 940
853 488
856 388
529 482
362 437
308 563
330 87
259 81
192 28
726 729
505 459
899 1
262 299
458 302
487 124
658 936
770 238
643 4
230 903
918 414
340 650
598 630
340 354
681 362
297 593
147 860
515 239
325 143
866 681
409 984
905 73
430 966
895 310
110 602
720 762
186 170
904 408
542 583
638 236
949 591
613 466
871 926
492 893
96 258
731 331
996 445
232 322
141 868
789 968
745 4
68 895
289 126
343 167
756 652
603 19
534 999
792 194
816 760
670 231
234 805
146 323
592 927
111 409
455 321
355 971
906 473
708 973
572 701
237 19
365 222
95 238
545 248
998 818
964 742
507 885
489 770
181 764
386 532
61 918
451 57
485 854
236 220
922 629
133 394
282 980
726 795
982 369
621 207
218 738
990 924
500 392
83 672
352 568
774 1000
204 608
978 591
239 658
689 913
173 256
981 409
698 673
736 468
109 686
476 215
884 724
956 233
444 309
766 272
219 639
291 90
274 788
851 114
466 44
582 134
270 964
72 843
474 547
654 642
89 860
474 722
76 642
889 461
610 187
211 753
49 254
983 855
140 659
861 375
590 943
794 688
98 773
655 753
894 481
487 949
189 863
871 531
470 872
732 379
842 791
845 180
43 134
91 946
82 672
946 973
29 935
255 851
915 826
509 703
534 528
273 526
954 655
696 826
790 900
826 581
518 407
125 721
843 778
401 243
60 528
144 539
303 758
644 320
857 11
914 66
296 245
973 741
188 291
545 998
639 450
786 392
201 696
535 263
593 914
558 604
643 190
19 632
518 866
559 114
229 881
671 596
763 415
726 513
89 764
98 716
455 533
79 985
525 15
529 212
215 802
996 930
874 258
656 209
328 354
64 313
949 741
508 635
462 996
516 756
850 170
723 456
651 295
154 853
426 865
236 825
19 895
349 758
958 732
758 594
872 541
870 56
599 730
729 840
287 800
15 28
276 87
428 378
751 806
803 350
219 7
366 666
737 454
759 897
124 408
968 238
405 535
764 872
285 33
414 863
273 601
953 15
518 81
460 9
868 926
412 164
307 902
9 48
265 414
733 862
167 355
98 541
526 926
979 996
626 442
826 712
702 127
104 400
914 812
861 646
139 828
468 960
877 103
457 337
165 96
437 971
773 865
922 685
939 633
523 838
818 842
451 911
791 925
10 946
429 828
455 662
217 30
754 651
114 810
524 655
46 191
601 260
805 523
255 207
221 43
37 946
577 307
325 29
219 566
457 237
118 171
637 596
874 5
716 157
576 484
318 825
62 903
211 331
883 381
560 936
525 358
128 772
96 136
558 278
172 53
431 856
909 664
647 36
885 553
688 91
191 605
101 250
347 86
664 148
208 240
669 413
450 341
512 472
803 715
846 456
487 588
534 617
721 54
595 621
941 553
428 636
808 974
401 520
203 900
976 132
388 786
873 796
553 926
860 526
174 735
647 744
687 591
320 535
644 370
941 860
89 207
324 866
109 244
979 800
666 889
479 390
283 187
226 29
312 729
352 902
773 820
98 246
740 313
799 820
800 126
982 362
35 667
507 950
571 829
562 664
308 590
592 399
445 357
106 959
624 936
805 197
22 209
796 904
671 556
212 199
511 373
268 192
789 418
292 206
103 188
31 163
733 5
914 737
457 794
477 327
542 565
101 427
27 536
31 48
684 879
619 879
709 189
167 641
583 200
745 879
135 423
543 58
266 82
882 434
902 463
544 791
200 409
198 936
876 832
220 700
186 380
759 585
595 920
335 420
548 546
399 240
204 360
613 4
445 626
119 204
800 734
764 7
493 23
190 9
997 391
521 806
964 592
548 919
826 529
97 647
829 718
756 978
796 441
501 429
172 643
692 122
507 884
790 731
523 672
51 227
900 30
153 695
623 409
448 501
106 753
17 96
689 694
249 143
892 615
783 496
677 93
184 542
495 662
10 842
27 952
987 339
468 792
183 821
277 432
518 790
64 419
804 423
328 615
202 273
477 137
6 673
615 871
101 749
158 636
732 897
58 688
289 620
107 293
581 53
12 368
931 828
917 467
96 193
502 803
701 636
315 289
392 706
357 166
33 720
551 690
695 355
654 586
632 98
150 605
862 260
154 528
564 783
506 851
432 850
932 519
479 612
6 124
279 936
104 874
67 126
547 936
920 118
519 182
65 577
605 941
263 500
945 741
87 208
756 737
345 354
643 967
44 344
129 609
133 41
803 246
146 420
937 439
65 796
392 124
670 339
458 485
518 295
706 208
869 753
70 670
170 320
189 228
877 183
550 231
631 701
471 810
476 624
682 423
541 204
522 593
568 177
397 40
162 296
827 735
630 128
596 272
444 5
893 557
782 869
70 971
680 309
828 227
459 576
279 181
658 862
150 66
525 14
448 878
527 116
370 659
740 821
62 793
489 72
657 303
385 162
253 191
165 528
370 738
832 819
376 111
50 976
850 86
89 782
884 975
666 134
297 825
907 176
931 196
171 765
270 707
272 632
606 519
555 531
138 81
717 577
105 2
858 448
513 59
953 300
348 418
741 437
634 839
599 827
33 478
450 421
107 845
642 624
497 809
168 983
388 936
651 994
651 197
379 205
423 301
726 277
621 847
218 244
244 360
61 650
261 88
321 229
808 753
375 518
782 261
850 962
503 615
223 27
80 283
423 581
27 292
501 357
853 240
104 401
165 158
204 884
152 807
796 16
272 683
911 833
278 326
620 323
982 702
360 729
714 776
843 228
445 320
637 421
108 254
680 775
934 824
283 282
706 350
586 465
145 285
93 255
420 401
543 431
832 462
606 218
895 62
293 160
129 289
771 142
371 370
922 110
232 684
227 644
140 999
421 922
371 227
577 604
158 711
366 554
496 804
760 241
334 4
797 948
767 262
427 3
127 631
516 888
884 82
298 605
577 894
851 267
393 679
324 393
461 16
998 377
824 620
247 377
573 859
43 176
393 986
669 412
124 445
289 80
474 92
480 997
997 128
122 714
624 74
589 118
212 829
632 487
704 948
346 901
260 469
902 812
228 417
393 204
294 60
960 568
597 445
1000 297
123 458
696 98
937 280
313 534
65 117
446 730
696 679
655 386
978 839
703 438
192 880
856 279
840 956
412 333
182 863
934 206
937 58
350 1
438 922
748 236
643 360
353 156
957 374
992 565
40 66
520 844
178 496
453 58
92 366
3 231
704 104
998 728
406 403
769 763
934 650
738 267
63 652
305 76
107 312
420 363
774 590
847 444
577 568
720 764
276 298
776 786
139 82
880 678
186 27
439 959
578 873
978 207
608 685
910 856
567 419
751 326
275 739
501 967
432 774
77 96
609 730
65 612
228 144
708 154
871 638
789 839
259 836
497 241
727 31
413 467
696 689
34 808
971 457
534 997
39 57
422 387
836 981
190 191
219 902
303 388
492 451
366 348
243 531
597 480
607 635
178 622
197 157
327 403
627 697
648 786
77 680
207 713
506 466
683 776
728 399
781 443
194 375
817 557
198 437
520 443
388 331
264 377
654 42
30 768
833 279
772 209
979 495
887 270
526 480
340 51
287 468
473 982
417 859
816 270
945 493
800 488
395 780
434 874
740 786
27 729
266 563
927 314
140 984
178 359
954 388
330 442
404 933
185 942
743 2
434 588
877 369
827 239
940 838
447 726
710 856
260 194
921 23
426 607
888 94
896 192
304 63
231 716
135 104
253 116
55 290
992 396
901 974
736 912
558 335
941 317
3 23
284 960
90 915
399 305
972 597
989 465
42 542
233 401
777 577
225 652
250 856
524 506
284 631
450 363
103 615
307 654
881 533
254 529
834 645
997 119
79 558
685 669
4 741
332 218
221 691
196 183
82 561
485 436
860 576
989 868
959 156
543 605
88 573
398 821
473 453
660 863
700 796
661 514
192 619
744 72
319 642
910 483
659 33
950 992
972 104
757 718
429 582
99 492
523 638
356 762
947 794
217 121
770 737
200 873
221 513
682 21
995 38
181 591
311 560
937 225
791 778
387 192
812 807
118 58
209 894
305 639
996 443
147 471
203 280
745 953
389 643
106 613
322 678
878 979
257 621
87 785
667 38
649 535
880 9
733 313
571 578
149 664
390 594
947 327
749 307
735 748
409 116
983 678
520 610
813 419
483 960
365 554
124 982
749 849
534 7
955 438
646 589
277 38
595 23
867 794
980 475
819 607
181 442
721 669
168 555
668 956
150 399
408 218
928 785
341 708
106 475
439 258
860 224
355 492
883 129
650 354
390 41
157 338
11 382
233 980
106 362
753 750
220 758
81 24
450 335
962 451
307 746
897 308
800 554
962 466
284 714
216 688
298 773
803 702
109 347
716 709
418 384
661 324
631 506
977 247
843 714
788 185
276 917
99 298
601 940
985 269
752 512
90 427
769 540
937 402
167 285
460 233
597 408
858 135
989 710
673 504
179 371
659 61
915 423
311 886
649 119
703 268
285 611
496 44
498 662
875 488
906 138
161 558
3 242
93 427
443 644
878 157
243 918
563 183
88 85
506 236
219 352
402 483
296 98
830 995
735 646
748 24
292 502
495 713
259 135
903 726
176 615
794 244
106 1000
322 829
931 665
753 446
165 721
831 466
80 964
580 752
305 982
718 610
40 389
645 744
297 634
26 88
245 340
656 63
158 631
328 128
456 469
540 461
595 66
634 676
822 383
383 587
439 805
336 522
214 751
675 75
91 272
594 137
903 43
372 367
101 151
708 385
362 837
155 876
48 508
627 96
281 586
512 474
414 814
769 301
366 103
259 875
46 456
996 250
949 44
670 142
985 760
859 211
735 428
167 176
123 92
200 707
960 569
338 907
155 345
303 193
933 858
351 181
744 815
929 739
325 554
87 735
103 227
437 956
355 287
748 862
820 371
244 221
250 154
417 973
643 363
908 893
355 101
239 891
349 199
921 510
596 184
300 525
942 420
525 196
672 664
302 71
785 159
605 310
54 548
933 367
866 834
419 232
62 839
853 696
635 80
93 115
610 351
205 537
277 380
405 439
300 819
908 50
875 929
15 808
895 418
883 426
96 72
775 802
173 76
430 965
733 180
641 607
336 758
44 191
962 854
779 436
120 600
432 217
106 384
8 792
906 817
656 328
505 870
34 212
971 797
509 950
310 137
588 674
154 685
768 929
151 868
259 822
202 800
9 259
450 183
512 422
677 852
664 97
404 96
41 715
769 698
399 99
268 640
722 634
6 323
427 282
526 570
237 127
759 286
706 134
7 687
446 405
497 419
406 615
782 194
786 129
824 52
56 414
243 816
467 484
798 616
160 761
18 934
781 996
490 606
472 509
242 832
790 571
38 316
421 396
683 553
596 510
64 135
299 800
165 951
352 642
64 54
67 889
840 695
991 652
637 824
374 646
791 165
280 637
170 817
743 172
391 347
106 179
145 629
978 511
228 738
689 880
906 709
780 9
818 340
348 11
791 395
704 275
278 826
962 779
762 55
768 752
663 717
169 305
232 387
651 26
928 869
394 1
920 201
149 281
510 636
868 790
281 514
266 342
7 838
971 615
440 413
208 73
116 578
389 44
911 171
275 77
356 160
655 182
694 728
526 695
385 782
613 792
645 426
749 200
380 429
109 41
660 719
678 677
377 657
319 530
913 349
880 264
147 869
407 175
563 301
655 453
201 556
454 142
128 859
735 43
361 790
433 385
143 518
771 361
122 537
84 238
446 973
822 852
948 407
52 588
314 631
520 182
706 705
675 530
987 772
89 705
970 90
438 988
990 153
188 243
795 413
672 704
140 110
213 544
785 359
880 803
476 182
923 497
379 933
433 77
58 338
231 691
837 44
340 532
748 751
867 555
295 560
178 355
447 757
124 582
965 136
915 671
770 358
719 953
913 487
819 975
841 779
474 292
447 269
777 531
655 726
804 88
242 260
209 98
174 234
587 789
42 642
774 83
157 115
163 734
190 229
507 99
347 410
151 522
572 905
467 721
837 787
591 804
91 553
513 534
979 184
735 256
702 98
904 181
541 160
321 5
881 205
143 757
277 675
188 450
117 292
545 903
231 284
658 158
911 752
672 270
601 408
982 559
434 977
36 877
233 194
573 66
294 745
636 678
250 345
948 538
867 458
581 344
98 994
88 483
70 215
606 933
790 188
538 141
151 370
64 527
684 527
240 637
477 352
997 633
282 382
727 576
174 320
585 127
35 26
128 872
957 935
228 521
430 537
309 712
572 706
361 249
713 364
317 342
936 525
557 952
760 977
160 519
646 674
205 9
315 585
579 260
546 199
622 426
510 692
259 874
833 71
479 975
741 56
553 882
682 918
133 990
190 129
526 98
599 63
450 114
108 634
894 617
878 114
958 138
796 289
691 999
651 750
104 209
783 37
488 478
365 246
699 762
564 788
246 283
228 306
907 969
878 332
275 233
800 2
37 965
621 86
736 896
734 655
594 2
78 903
9 668
585 765
178 829
514 675
57 334
536 683
810 310
994 443
635 439
943 118
527 887
288 436
515 791
386 961
995 863
300 639
83 377
299 852
729 303
732 666
36 897
473 617
663 228
810 616
575 936
961 972
967 755
31 910
412 924
199 580
480 138
903 586
559 420
625 374
710 80
437 853
115 934
296 780
980 318
68 272
859 551
953 686
71 671
572 896
483 795
727 244
214 665
819 617
197 837
650 729
79 289
120 174
232 424
125 419
570 272
182 42
883 203
620 666
569 600
626 603
899 149
299 155
882 256
574 602
668 651
315 597
997 81
836 465
158 253
915 802
730 862
224 896
945 591
592 772
479 176
203 243
587 571
792 373
96 834
545 3
657 585
51 454
136 638
531 976
345 37
627 699
866 449
890 459
230 856
456 758
86 220
269 276
640 680
180 145
882 855
976 272
924 16
322 446
126 872
293 111
297 100
795 229
99 208
299 914
999 637
505 137
911 699
183 528
809 961
421 395
597 34
781 155
305 674
884 562
666 434
64 55
526 401
951 668
607 302
705 472
600 368
410 94
213 523
736 488
18 619
438 864
466 428
560 646
634 507
999 1
267 328
503 982
822 538
608 658
112 481
370 765
909 874
949 653
567 882
533 974
55 30
239 493
497 710
573 477
121 390
290 756
237 764
515 348
387 977
376 820
327 783
537 37
388 657
410 645
452 280
242 884
119 542
431 898
911 404
660 148
94 840
954 937
410 359
659 468
532 78
717 118
424 995
441 971
43 11
445 915
156 298
963 970
864 517
313 257
856 518
817 689
639 906
195 741
398 394
424 513
316 535
687 512
544 754
360 947
507 166
735 372
846 695
670 441
212 727
708 700
736 985
369 788
558 646
527 137
696 139
626 372
705 67
670 643
904 839
676 427
734 97
257 611
205 877
648 332
353 218
705 365
743 493
230 640
726 517
213 958
936 71
644 792
443 969
616 751
526 284
895 7
364 461
596 972
993 27
600 410
932 348
801 924
72 796
880 613
594 897
336 913
906 517
710 811
615 168
676 111
269 559
456 10
520 755
478 895
214 705
701 556
822 256
626 316
36 413
920 264
996 531
444 682
395 502
931 136
399 486
127 557
76 561
283 102
433 759
832 579
855 313
924 836
351 213
327 896
842 676
849 128
50 573
45 507
856 851
410 955
109 840
241 289
518 85
612 304
206 545
981 741
640 451
548 756
142 714
151 517
160 184
217 953
159 826
685 917
493 988
898 950
403 268
854 63
782 264
472 233
646 459
208 739
873 727
527 124
783 230
644 184
575 320
647 823
136 495
925 689
914 162
454 235
256 792
192 902
728 248
395 539
527 786
530 82
236 439
607 64
614 804
260 967
653 920
343 790
398 589
883 773
828 130
979 278
762 138
525 222
675 561
503 888
676 350
328 420
793 734
940 603
652 295
472 764
269 881
54 713
58 644
108 186
407 743
926 557
875 967
111 95
965 218
988 109
666 153
997 713
874 4
379 686
936 639
738 567
585 344
882 394
537 29
483 557
724 629
871 966
160 536
585 297
586 626
941 660
746 380
4 552
800 583
647 343
137 26
107 554
949 91
643 768
555 60
811 86
163 331
502 775
327 690
269 414
790 832
437 664
4 989
557 759
963 672
782 228
910 473
455 4
618 746
332 337
61 909
908 650
1 994
309 142
478 78
99 183
949 47
994 440
116 278
838 361
542 749
877 269
826 957
213 901
952 523
148 708
594 660
921 508
60 24
335 406
176 517
692 597
452 722
839 998
456 277
771 94
311 137
277 265
120 866
246 604
430 233
32 680
896 701
870 779
803 222
14 923
625 696
975 452
718 623
571 219
111 770
148 376
554 447
465 404
600 633
642 866
521 883
671 253
202 780
441 204
595 815
851 409
120 397
46 629
776 555
497 869
941 760
466 536
282 316
171 117
834 815
897 822
502 577
673 235
656 903
161 63
244 4
759 363
228 497
302 856
51 600
158 412
887 850
420 675
111 420
46 502
778 265
331 716
517 236
442 982
351 26
479 81
616 169
100 794
428 785
912 666
251 158
853 703
502 13
398 888
633 539
632 962
66 952
473 938
701 210
596 504
815 94
303 938
472 366
166 470
121 73
696 445
292 8
80 802
227 597
514 345
511 277
964 822
841 162
749 985
918 46
520 585
704 230
946 470
500 73
447 578
249 719
414 281
260 208
534 126
537 266
367 283
719 54
25 94
77 373
422 919
538 996
791 506
25 207
903 937
440 722
983 195
254 901
148 114
993 911
686 502
868 621
360 504
141 899
423 399
850 775
997 116
727 79
985 532
185 92
775 341
232 455
525 878
710 406
521 299
707 432
674 795
472 927
181 825
972 20
649 463
136 150
994 687
756 818
17 294
606 480
460 422
99 953
394 820
491 504
221 655
739 46
815 141
394 903
472 475
536 740
355 422
302 163
948 401
696 490
680 815
495 694
98 412
301 281
601 307
24 898
116 296
614 539
141 257
698 590
364 462
525 411
693 969
141 402
839 575
185 738
811 788
483 965
136 878
126 35
429 296
382 280
573 593
44 129
7 15
45 216
491 23
423 97
125 106
36 493
556 228
647 63
427 920
335 563
414 166
720 485
607 999
702 597
206 772
357 440
930 64
90 229
275 397
115 330
557 351
130 476
357 265
489 641
843 638
536 102
331 581
284 372
216 546
158 325
26 815
51 400
33 173
416 19
604 572
753 222
365 16
526 696
169 829
678 562
43 788
464 751
377 706
213 428
894 813
511 651
645 127
668 176
249 504
394 857
252 757
554 59
458 148
421 96
539 389
777 280
200 530
75 229
701 169
459 770
526 44
322 534
964 985
307 502
482 535
210 535
984 18
838 413
491 2
224 391
122 298
378 656
144 56
112 332
390 573
490 473
400 993
496 634
794 49
957 707
172 381
409 85
851 49
634 675
62 904
893 535
673 659
348 205
760 245
776 890
374 793
432 48
451 236
342 125
290 178
555 738
890 282
99 830
58 57
24 457
506 919
413 169
90 854
863 945
946 742
485 279
12 745
881 722
573 968
607 528
726 474
512 76
753 408
424 956
596 946
708 832
901 455
596 801
137 106
800 806
845 288
768 260
38 218
489 872
354 263
227 239
742 690
269 494
327 56
153 48
752 230
619 686
622 855
719 60
35 17
174 708
356 559
263 865
748 857
325 952
52 736
398 780
840 783
979 931
696 307
805 127
364 225
925 950
395 919
841 427
76 664
979 309
796 901
377 139
21 233
537 531
240 701
353 114
211 304
979 162
62 842
230 472
263 923
384 450
516 427
832 746
59 192
297 603
748 263
529 800
242 653
932 443
292 858
591 102
573 439
831 695
828 747
723 391
384 159
813 138
690 599
878 715
347 24
225 612
797 694
852 965
121 699
233 913
87 90
611 460
556 67
690 702
600 775
530 674
470 177
436 961
474 60
94 765
668 469
153 338
440 728
506 121
48 761
565 940
802 462
125 997
199 418
73 794
147 255
350 538
946 347
247 438
284 444
747 982
53 233
898 972
302 40
411 803
240 319
362 696
614 843
877 61
933 891
735 163
701 271
995 14
415 905
640 601
203 483
339 859
388 311
339 675
145 46
952 970
937 26
459 714
796 203
173 618
658 228
295 965
114 796
210 878
637 821
908 243
980 470
589 946
222 985
577 766
762 306
358 137
303 632
275 839
990 450
244 32
210 912
597 612
550 649
954 371
370 586
277 14
928 922
12 365
680 287
37 654
719 934
97 371
869 24
766 71
970 584
419 450
385 214
479 722
6 230
515 845
654 378
882 467
857 878
65 683
409 585
798 237
394 159
751 215
664 209
168 992
647 504
635 614
820 988
877 733
660 5
755 129
683 428
258 785
786 943
270 292
242 167
172 574
378 487
216 502
735 481
772 381
4 775
475 844
484 719
468 724
786 849
660 714
574 944
169 862
744 987
704 44
543 895
468 827
157 61
188 245
92 895
722 782
943 458
104 457
142 659
507 900
473 788
293 1
222 121
298 425
359 256
891 574
109 985
537 824
829 32
814 460
407 910
545 617
657 119
606 146
21 542
45 642
171 887
509 469
951 738
679 691
481 179
141 256
568 532
753 552
37 511
447 528
857 634
306 464
184 908
745 818
903 285
944 338
317 688
780 40
139 176
379 791
654 753
913 585
145 999
534 27
205 687
650 524
319 443
140 734
827 159
510 338
955 163
663 722
632 20
315 320
409 779
233 79
106 455
841 86
508 343
63 505
138 90
985 853
343 7
570 441
777 609
990 433
986 297
42 641
874 333
878 234
592 831
902 170
959 47
303 459
195 306
893 311
731 388
508 579
109 488
590 329
859 376
787 7
954 540
647 531
118 457
808 255
319 674
307 170
460 372
706 124
963 599
288 205
491 342
199 25
203 474
613 539
942 579
601 195
748 886
929 692
535 688
826 820
558 531
374 432
784 700
179 130
531 345
454 120
493 542
451 293
761 374
210 532
389 739
250 245
786 377
770 914
594 686
918 167
28 468
140 190
939 938
527 675
554 527
905 895
46 419
504 86
233 376
286 498
987 515
415 42
842 258
519 672
140 883
823 46
20 681
998 16
283 861
214 739
567 37
152 981
334 184
750 512
267 862
345 530
262 983
836 504
713 627
660 78
884 492
815 802
600 987
807 190
590 314
423 177
375 152
13 693
858 114
713 685
610 723
170 80
373 631
307 793
741 312
130 994
185 373
811 473
82 791
514 924
894 846
956 553
762 744
725 484
891 964
449 169
863 42
97 607
243 969
446 686
457 758
913 171
558 559
117 261
689 652
320 41
212 495
238 703
779 823
697 974
681 433
455 586
316 396
92 631
191 988
322 797
235 228
305 684
202 487
476 202
762 287
563 704
249 832
213 741
362 225
793 809
872 814
609 17
850 221
945 55
818 319
379 735
16 781
556 53
461 973
923 728
525 979
267 156
620 518
713 188
609 499
665 1
206 931
867 935
195 206
712 996
710 531
714 182
717 365
298 717
480 696
512 267
803 284
643 142
973 84
354 740
794 633
617 58
142 754
513 919
73 904
863 549
684 152
975 939
630 727
156 570
967 523
492 425
631 446
13 415
906 369
864 747
96 837
498 873
482 354
262 620
71 425
161 287
381 700
627 700
574 917
406 635
446 360
319 762
748 920
648 632
143 264
352 969
649 179
27 227
838 681
235 644
821 917
551 268
517 980
316 195
62 299
672 107
654 47
14 398
307 384
610 827
723 520
689 680
448 122
343 875
903 593
921 557
79 861
430 41
306 203
89 745
269 838
421 746
401 967
689 906
541 681
435 514
272 960
700 14
184 957
261 982
631 550
488 292
232 858
527 667
823 368
571 283
185 708
301 474
174 268
489 222
33 772
485 531
371 222
297 711
923 567
10 630
31 18
609 430
265 409
757 286
280 910
98 941
263 191
780 875
106 480
628 109
59 826
206 959
723 275
462 293
524 413
141 816
272 673
113 533
336 500
590 80
391 569
254 613
538 32
609 618
11 490
12 769
473 351
272 990
534 922
848 125
388 208
924 802
623 238
401 347
89 817
40 564
666 776
981 913
94 282
938 932
207 601
283 121
969 586
492 81
114 607
867 103
8 176
652 585
321 863
675 25
325 895
331 290
482 842
704 375
714 865
92 525
32 37
537 936
585 916
841 354
733 308
52 936
420 123
757 190
888 707
886 466
541 653
357 512
177 154
618 811
880 807
164 96
576 96
244 150
61 488
638 482
389 916
931 990
953 890
572 980
68 363
986 806
695 957
385 23
215 373
966 727
718 340
462 406
889 938
124 689
528 223
751 276
533 193
573 704
833 879
741 302
29 866
113 324
837 731
355 252
306 741
37 899
719 876
388 519
941 685
397 847
271 511
94 811
901 719
889 593
553 794
418 413
690 674
526 583
412 163
716 337
38 813
294 187
273 892
55 886
904 185
359 577
530 175
269 234
255 688
735 250
520 489
919 483
316 788
152 813
28 128
321 906
700 754
863 70
354 50
249 216
725 198
77 183
256 906
761 373
869 834
302 361
529 399
362 488
623 823
347 71
540 265
568 578
822 30
33 854
642 456
715 642
59 166
562 51
582 182
73 454
898 17
165 574
685 183
63 743
779 318
961 695
159 16
678 281
970 687
366 556
21 223
974 175
353 679
230 239
72 25
952 900
699 84
907 35
432 129
766 156
380 847
162 502
471 96
823 975
510 478
112 921
521 677
868 756
501 844
906 54
876 859
346 250
266 707
685 891
744 457
889 672
820 998
252 224
343 155
154 502
691 883
600 988
241 194
960 784
502 747
194 216
69 988
360 208
864 704
829 562
575 50
134 444
542 457
394 537
337 785
180 10
308 455
881 387
184 922
217 11
73 836
203 104
421 177
114 645
761 582
522 748
192 711
212 266
130 473
929 742
173 368
731 574
919 263
474 820
339 649
381 584
341 347
972 877
559 221
84 179
330 304
876 55
969 659
26 995
948 587
255 27
439 320
903 561
615 747
563 948
748 392
698 661
109 706
2 156
476 203
349 115
991 548
904 608
336 786
124 821
984 270
988 302
715 686
845 755
439 102
501 622
469 827
36 242
20 735
352 39
244 125
245 676
440 586
112 679
160 154
41 749
234 198
28 141
698 201
571 274
976 938
759 977
134 92
872 747
210 494
211 571
802 234
397 774
128 5
592 730
333 500
116 964
484 96
394 328
233 800
548 553
404 289
725 579
466 678
431 712
470 38
932 863
919 537
935 104
846 957
647 692
225 949
692 291
765 307
203 822
208 896
597 490
673 458
179 257
363 556
768 482
56 52
990 731
368 326
355 64
467 634
492 182
199 83
476 756
904 113
264 144
657 879
821 916
147 701
810 135
170 742
905 361
361 829
257 746
833 278
274 90
98 4
248 617
122 398
322 604
555 540
287 960
719 511
390 985
282 254
671 632
361 607
487 11
13 932
75 909
991 651
499 713
325 77
108 358
572 66
884 732
905 805
709 471
729 553
996 582
297 693
944 680
917 484
586 873
277 12
962 772
673 735
174 380
151 826
257 112
474 293
466 838
943 680
470 613
585 388
721 708
205 491
135 384
232 279
964 104
712 1
766 212
289 816
261 314
724 680
116 984
542 212
301 698
577 861
597 172
638 716
787 380
647 664
155 742
156 341
673 101
394 590
694 733
844 202
169 966
505 874
104 301
433 841
394 721
264 333
316 898
189 140
672 170
925 312
217 67
951 824
850 949
423 559
711 152
165 116
539 299
688 787
672 392
620 342
405 887
664 172
869 813
400 218
130 495
259 145
776 261
245 88
925 892
988 496
666 380
151 500
357 527
193 550
747 123
807 571
896 713
548 473
879 910
924 280
849 687
940 514
170 798
857 632
509 309
571 294
590 582
40 318
884 935
775 720
335 326
686 85
871 107
448 515
180 814
456 14
898 189
718 298
850 162
776 833
599 637
836 849
984 996
414 395
772 946
982 551
206 105
375 626
171 764
471 95
629 951
872 660
245 958
928 646
129 243
512 325
312 427
555 409
314 377
154 750
180 354
774 84
884 411
798 94
530 744
590 220
742 939
123 217
17 596
825 77
220 897
772 111
73 197
6 268
464 339
85 269
268 803
984 391
517 144
609 855
773 38
613 807
816 535
726 14
708 525
213 425
682 512
604 686
365 158
991 254
209 690
212 759
194 262
285 227
773 984
904 9
385 674
227 466
979 233
874 795
452 706
808 421
610 881
44 879
199 567
493 540
579 679
726 714
729 214
434 970
236 450
329 224
847 354
643 339
209 437
800 423
225 32
260 737
266 610
535 118
651 413
336 14
76 796
58 371
511 447
439 178
372 87
46 272
610 432
305 170
732 247
418 907
920 505
358 433
987 291
128 796
867 909
745 245
964 17
436 714
846 21
738 674
423 508
543 479
747 560
729 989
968 163
306 822
44 395
883 16
445 757
324 662
452 483
790 156
684 182
975 977
108 992
532 2
110 114
661 354
994 897
366 949
25 704
390 380
238 150
647 736
288 13
661 580
459 116
482 463
688 622
798 743
89 215
678 905
806 210
790 823
961 411
635 108
429 741
691 302
967 101
481 766
636 882
714 964
796 226
544 139
47 40
196 918
572 345
476 422
10 862
585 962
969 355
71 487
308 939
71 275
75 992
774 916
4 590
23 128
525 320
28 570
691 234
783 698
678 420
572 191
900 614
758 214
909 240
452 877
733 492
809 420
43 26
338 116
84 880
371 196
135 249
193 776
286 383
921 837
662 138
224 994
810 937
766 46
896 334
237 676
533 151
257 388
977 373
633 507
997 890
779 59
203 463
269 354
790 572
695 231
733 848
320 911
210 495
929 379
103 632
217 569
234 505
437 4
648 733
42 692
977 23
239 190
524 341
487 878
589 130
424 780
760 720
134 383
191 122
471 387
324 537
43 947
975 858
890 754
873 992
821 64
4 814
333 678
83 879
655 201
415 852
696 918
426 450
847 881
77 673
43 849
791 823
535 532
331 218
39 741
299 632
703 689
838 687
605 848
80 878
835 747
620 371
86 435
201 651
701 238
923 92
687 943
355 398
767 381
148 885
511 51
773 562
573 133
322 895
235 194
191 147
614 450
889 193
802 728
286 441
469 877
274 781
337 391
248 38
600 315
174 274
202 763
223 919
774 557
983 91
131 867
465 347
48 205
659 799
785 552
430 23
534 493
862 558
150 506
408 197
642 625
551 682
733 771
606 531
718 233
906 991
637 487
432 842
401 797
293 775
958 523
466 617
251 645
971 652
555 461
630 899
167 899
122 666
938 405
989 716
518 98
612 281
578 665
29 47
485 445
267 582
99 659
678 612
309 207
883 767
884 374
178 698
39 427
467 680
551 772
105 763
489 852
73 861
388 496
887 555
856 795
47 130
817 999
624 771
458 207
279 142
460 561
706 313
169 609
257 757
40 227
857 812
287 433
325 782
588 644
771 508
594 713
350 339
961 798
567 542
554 903
689 948
248 356
254 414
988 529
918 95
888 308
170 799
9 19
453 140
220 137
611 552
541 941
215 390
239 268
187 161
206 255
154 858
744 983
159 207
453 430
182 100
440 515
349 717
564 836
489 474
868 722
461 100
444 790
216 921
750 730
309 400
661 107
414 639
612 735
150 736
500 621
431 941
894 661
829 842
405 542
428 401
416 329
441 513
697 168
310 917
574 742
665 650
596 922
958 769
501 730
542 64
138 778
877 847
167 133
904 349
407 466
650 161
358 816
986 132
806 292
510 975
683 171
501 508
856 741
543 975
506 418
678 866
200 829
27 316
639 651
843 958
350 130
11 954
522 601
493 930
478 230
43 583
338 589
247 959
536 708
973 785
481 435
279 96
227 691
198 112
459 612
939 798
136 577
766 710
519 524
206 313
57 985
908 5
413 609
73 452
55 44
562 128
304 144
955 83
560 929
758 516
680 563
874 1
608 957
93 699
560 816
558 287
141 741
922 266
202 789
955 305
190 478
82 319
289 845
608 155
220 721
993 599
423 76
375 887
603 400
585 706
508 84
95 596
578 686
81 398
155 899
70 778
588 475
627 391
773 359
209 354
797 97
142 814
203 780
976 12
652 975
381 661
19 142
683 151
756 967
544 319
867 156
89 214
492 245
347 666
117 736
8 108
227 96
818 517
658 474
346 606
896 199
23 332
498 693
83 545
139 851
839 46
877 375
602 692
131 247
61 106
545 933
969 657
183 699
277 562
938 668
719 327
84 44
800 341
107 133
472 262
604 759
109 559
459 512
575 277
550 656
199 578
666 692
221 6
26 20
671 676
122 403
718 577
790 82
153 143
283 540
272 267
291 57
258 338
866 703
153 56
457 914
653 460
441 358
902 309
794 674
432 175
270 643
384 2
572 595
223 737
149 270
159 421
586 766
707 189
271 908
539 916
495 354
632 412
669 233
218 5
551 197
391 386
138 162
787 467
881 476
865 951
191 347
180 232
881 429
276 571
289 432
988 624
271 320
735 175
925 707
319 628
985 104
397 426
736 930
471 793
26 436
268 345
126 765
790 562
350 485
379 148
209 923
735 670
875 326
72 697
714 840
572 382
439 305
973 985
933 443
991 757
802 268
321 515
73 162
24 986
280 580
499 376
760 495
16 78
719 140
831 838
239 581
979 51
157 691
174 275
340 767
624 386
879 586
534 115
349 375
723 54
619 84
162 346
898 384
42 996
975 340
524 140
134 457
174 493
656 284
287 822
1 73
989 440
77 222
21 899
474 909
64 919
140 532
785 841
272 676
275 263
391 677
180 648
256 168
20 49
996 298
856 893
837 518
109 367
238 109
809 585
226 589
501 709
372 755
820 847
734 781
77 20
351 327
816 670
929 977
345 154
825 160
441 687
744 944
375 498
912 876
485 670
89 157
473 126
153 658
647 952
579 798
506 510
400 431
56 321
796 446
405 126
411 33
566 699
200 992
592 290
715 44
218 716
800 302
123 601
689 602
952 228
624 113
1 632
465 523
505 378
883 589
496 595
779 646
603 858
840 440
371 270
922 130
652 733
440 917
276 379
404 816
850 160
188 607
120 125
266 817
840 150
90 605
876 588
915 676
251 578
970 616
774 296
315 693
245 956
604 245
869 247
86 739
658 39
953 164
618 3
722 283
122 703
967 575
665 843
686 753
212 940
46 143
950 698
705 741
906 909
450 920
323 410
654 38
40 644
105 989
925 361
846 838
87 578
630 424
104 410
218 398
492 33
692 890
494 563
209 62
221 707
122 226
731 580
734 293
683 985
316 134
248 564
13 162
855 703
756 183
625 330
109 953
729 212
127 85
532 881
351 541
195 66
718 763
59 330
714 98
382 204
253 328
667 824
335 222
945 190
692 669
35 178
608 848
310 488
865 103
39 284
150 321
163 245
693 857
196 391
969 676
975 415
849 193
522 482
336 657
724 524
661 29
629 905
928 676
717 470
216 741
930 97
976 239
829 203
66 379
237 770
698 372
80 67
834 884
618 719
877 818
308 83
937 613
55 806
424 560
647 738
83 853
483 239
946 749
378 283
215 700
971 258
384 530
373 740
869 415
838 566
472 203
824 32
588 9
293 483
611 376
591 950
544 431
144 605
787 773
312 739
596 627
43 533
669 761
66 942
451 964
255 816
635 332
103 28
821 607
127 248
164 374
572 347
184 524
212 90
514 476
382 782
546 818
960 108
598 635
804 437
165 765
793 700
645 675
151 318
357 581
267 293
418 715
609 164
477 231
922 75
301 126
488 539
867 547
770 7
715 723
421 933
209 733
239 327
64 541
746 41
664 988
556 282
12 420
822 125
271 745
470 462
669 454
564 423
640 244
660 255
609 721
422 734
292 780
637 35
332 782
695 391
661 275
464 511
671 430
161 49
518 23
501 657
195 270
569 29
551 85
216 398
277 913
132 116
709 894
544 312
506 475
14 112
472 167
72 878
316 872
100 919
619 641
970 509
682 457
4 221
743 158
347 903
889 372
643 572
343 871
610 166
384 287
886 91
641 946
418 525
781 118
505 349
946 898
365 825
442 374
540 483
374 521
233 427
778 585
698 551
594 916
118 514
594 807
633 187
906 763
745 401
854 797
146 820
732 126
528 833
521 768
439 869
524 141
643 390
51 43
954 94
871 951
603 317
587 494
370 184
690 967
750 687
146 232
497 827
208 178
336 391
389 387
102 594
218 119
352 957
440 421
613 46
744 147
281 699
837 918
695 536
54 384
113 964
367 955
939 74
506 285
586 28
125 629
528 976
242 307
62 30
299 696
69 802
549 616
17 655
717 802
192 659
853 226
636 214
680 616
915 259
735 130
798 191
333 938
389 1000
934 188
488 156
403 580
481 292
282 831
249 192
265 555
624 916
342 587
348 524
57 713
994 122
761 349
779 842
355 428
252 64
360 428
951 584
643 171
432 777
204 703
526 372
936 676
839 791
736 540
143 812
257 917
703 198
577 300
444 381
852 98
152 83
785 351
89 634
808 8
149 784
869 739
465 667
893 571
914 652
556 82
774 636
22 497
10 473
230 116
638 369
569 846
878 573
846 354
225 340
633 343
427 752
567 220
860 74
664 997
112 738
390 407
301 872
110 230
71 898
699 189
245 955
926 500
937 989
590 1
112 960
812 11
65 650
449 747
603 438
253 369
926 150
103 787
548 620
418 409
418 522
927 520
134 468
294 279
256 578
792 436
526 869
473 89
554 402
701 449
182 990
588 117
916 972
388 357
635 50
853 119
716 287
692 171
39 572
616 389
670 742
285 668
805 69
148 952
347 975
259 97
244 929
222 283
912 277
782 493
880 153
11 593
784 863
865 132
115 549
889 14
407 655
144 77
954 466
537 682
511 299
149 820
351 741
368 687
123 855
177 11
196 369
490 229
456 45
419 163
976 676
352 142
911 221
326 662
154 559
910 842
603 756
812 665
133 659
357 117
251 734
603 357
198 955
560 91
93 603
77 118
704 736
155 788
10 49
926 99
877 527
159 592
459 442
133 949
688 180
7 924
30 455
731 118
390 278
128 347
749 904
21 512
61 563
902 139
925 42
124 964
19 35
459 152
388 148
526 982
730 53
593 267
83 965
523 544
941 849
263 869
748 945
89 69
164 401
899 990
991 108
498 691
654 84
213 172
904 148
143 721
936 345
222 58
596 483
676 411
658 250
454 89
539 133
832 137
296 580
744 581
49 689
326 167
165 875
277 417
170 947
83 494
46 230
619 224
107 687
990 345
684 924
866 859
91 173
943 973
656 133
599 175
453 177
3 382
86 283
135 869
762 395
591 108
519 643
615 90
676 942
272 412
805 526
297 895
637 367
620 515
270 790
56 670
556 283
993 919
977 362
577 848
871 914
859 842
276 18
404 463
320 898
210 490
85 654
450 285
713 385
417 76
38 572
848 360
341 210
884 350
467 416
928 560
266 443
379 286
645 706
578 688
650 5
65 995
490 355
588 505
823 610
618 544
158 391
610 752
190 52
817 798
723 808
677 526
544 73
674 976
116 867
683 770
935 702
304 929
797 734
105 830
217 148
952 865
591 296
701 378
635 506
193 131
259 40
44 818
889 379
83 663
340 69
508 935
469 423
970 220
273 132
3 47
583 152
288 583
73 215
726 608
884 728
98 725
226 414
232 863
874 274
837 174
395 151
399 839
649 933
692 992
595 404
244 46
742 357
541 966
266 904
68 380
894 160
914 824
211 268
429 317
380 685
567 251
291 420
559 535
71 921
388 665
194 600
152 491
312 403
936 717
556 142
243 189
371 880
635 655
120 432
525 901
399 168
590 85
902 49
869 34
85 531
